0,1,948,220,1171,717,0.950
0,2,390,236,513,518,0.950
0,3,163,223,333,694,0.950
0,4,543,267,659,518,0.950
0,5,666,274,760,512,0.950
0,6,611,209,689,447,0.950
0,7,318,334,401,566,0.950
0,8,1179,337,1279,720,0.950
0,9,756,246,855,507,0.950
1,1,948,220,1172,717,0.950
1,2,394,236,514,517,0.950
1,3,168,225,330,695,0.950
1,4,544,266,659,519,0.950
1,5,658,274,762,513,0.950
1,6,610,210,687,446,0.950
1,7,320,336,404,568,0.950
1,8,1179,328,1279,720,0.950
1,9,756,245,841,507,0.950
2,1,949,220,1167,717,0.950
2,2,397,237,516,518,0.950
2,3,172,227,328,696,0.950
2,4,545,267,658,519,0.950
2,5,663,274,764,512,0.950
2,6,609,211,687,447,0.950
2,7,322,337,406,567,0.950
2,8,1182,328,1279,720,0.950
2,9,756,246,844,507,0.950
3,1,950,220,1166,717,0.950
3,2,401,236,519,519,0.950
3,3,182,229,328,696,0.950
3,4,545,267,659,519,0.950
3,5,664,276,765,512,0.950
3,6,609,211,686,448,0.950
3,7,324,337,410,567,0.950
3,8,1181,335,1279,720,0.950
3,9,751,247,848,507,0.950
4,1,950,219,1165,717,0.950
4,2,405,235,523,517,0.950
4,3,187,231,328,694,0.950
4,4,545,267,660,519,0.950
4,5,665,276,765,513,0.950
4,6,611,211,686,450,0.950
4,7,326,335,411,567,0.950
4,8,1178,342,1279,720,0.950
4,9,749,247,846,507,0.950
5,1,950,218,1165,717,0.950
5,2,409,233,526,519,0.950
5,3,190,232,328,690,0.950
5,4,545,267,660,519,0.950
5,5,671,276,763,514,0.950
5,6,611,209,690,450,0.950
5,7,330,333,413,568,0.950
5,8,1172,337,1279,720,0.950
5,9,757,245,840,506,0.950
6,1,950,217,1164,717,0.950
6,2,412,232,529,513,0.950
6,3,195,231,331,683,0.950
6,4,546,267,660,519,0.950
6,5,671,276,761,515,0.950
6,6,610,210,689,450,0.950
6,7,334,333,415,566,0.950
6,8,1174,338,1279,720,0.950
6,9,753,245,840,507,0.950
7,1,950,218,1166,719,0.950
7,2,416,231,532,508,0.950
7,3,198,232,333,679,0.950
7,4,547,267,660,519,0.950
7,5,671,274,760,514,0.950
7,6,609,210,690,449,0.950
7,7,334,333,418,563,0.950
7,8,1173,346,1279,720,0.950
7,9,752,245,838,506,0.950
8,1,950,217,1165,719,0.950
8,2,417,230,535,505,0.950
8,3,199,232,334,675,0.950
8,4,547,266,660,519,0.950
8,5,673,273,759,514,0.950
8,6,608,209,689,449,0.950
8,7,336,333,420,559,0.950
8,9,753,245,837,506,0.950
9,1,950,217,1165,720,0.950
9,2,420,230,539,504,0.950
9,3,199,234,335,668,0.950
9,4,547,266,660,517,0.950
9,5,672,273,756,512,0.950
9,6,605,209,691,443,0.950
9,7,341,332,423,552,0.950
9,9,758,244,837,506,0.950
9,8,1173,349,1279,720,0.950
10,1,949,217,1165,719,0.950
10,2,422,229,542,500,0.950
10,3,204,234,336,653,0.950
10,4,546,266,660,516,0.950
10,5,673,271,757,511,0.950
10,6,607,209,694,446,0.950
10,7,344,331,426,549,0.950
10,9,754,244,838,505,0.950
10,10,0,310,31,490,0.950
10,8,1175,350,1279,720,0.950
11,1,949,214,1165,720,0.950
11,2,424,229,542,498,0.950
11,3,200,232,336,644,0.950
11,4,547,265,659,516,0.950
11,5,674,271,757,510,0.950
11,6,609,208,698,446,0.950
11,7,346,330,432,548,0.950
11,9,748,245,847,506,0.950
11,10,0,299,34,490,0.950
12,1,950,213,1165,719,0.950
12,2,426,228,544,496,0.950
12,3,201,231,334,640,0.950
12,4,547,265,660,516,0.950
12,5,674,271,757,509,0.950
12,6,608,206,698,444,0.950
12,7,349,329,435,547,0.950
12,9,750,245,847,506,0.950
12,10,0,295,35,490,0.950
13,1,949,212,1165,720,0.950
13,2,427,228,547,498,0.950
13,3,195,232,334,639,0.950
13,4,547,267,660,516,0.950
13,5,669,263,757,510,0.950
13,6,606,203,693,442,0.950
13,7,353,328,440,545,0.950
13,9,755,243,862,504,0.950
13,10,0,293,36,490,0.950
13,11,542,173,581,276,0.950
14,1,950,211,1166,720,0.950
14,2,429,227,549,499,0.950
14,3,188,227,333,639,0.950
14,4,550,265,662,515,0.950
14,5,667,257,759,509,0.950
14,6,604,200,690,442,0.950
14,7,356,327,443,545,0.950
14,9,755,242,854,504,0.950
14,10,0,293,37,489,0.950
14,11,543,173,580,275,0.950
15,1,950,210,1166,718,0.950
15,2,430,228,551,499,0.950
15,3,180,228,333,638,0.950
15,4,551,265,662,514,0.950
15,5,669,262,759,507,0.950
15,6,604,198,689,443,0.950
15,7,360,326,445,542,0.950
15,9,754,241,854,503,0.950
15,10,0,291,38,488,0.950
15,11,542,173,580,274,0.950
16,1,950,210,1166,717,0.950
16,2,431,228,551,497,0.950
16,3,177,227,332,637,0.950
16,4,550,264,663,515,0.950
16,5,674,265,759,501,0.950
16,6,603,197,690,441,0.950
16,7,365,324,447,542,0.950
16,9,754,240,857,502,0.950
16,10,0,290,40,489,0.950
16,11,542,171,580,274,0.950
17,1,950,208,1167,716,0.950
17,2,432,227,551,496,0.950
17,3,173,223,332,635,0.950
17,4,551,264,664,513,0.950
17,5,675,263,759,504,0.950
17,6,605,198,689,443,0.950
17,7,368,323,447,541,0.950
17,9,754,239,859,501,0.950
17,10,0,288,41,488,0.950
18,1,951,207,1168,718,0.950
18,2,432,227,551,496,0.950
18,3,185,224,332,634,0.950
18,4,550,263,663,513,0.950
18,5,678,263,760,504,0.950
18,6,606,198,688,443,0.950
18,7,371,325,445,540,0.950
18,9,755,238,863,501,0.950
18,10,0,288,42,488,0.950
19,1,951,206,1168,716,0.950
19,2,433,227,551,493,0.950
19,3,175,224,330,637,0.950
19,4,550,262,663,512,0.950
19,5,677,262,760,501,0.950
19,7,373,322,443,539,0.950
19,9,755,238,858,500,0.950
19,10,0,287,43,487,0.950
19,12,298,205,377,510,0.950
20,1,951,206,1168,716,0.950
20,2,434,225,551,493,0.950
20,3,162,221,327,631,0.950
20,4,549,260,663,511,0.950
20,5,677,261,760,501,0.950
20,7,375,322,441,535,0.950
20,9,756,237,855,500,0.950
20,10,0,286,43,486,0.950
20,12,293,211,384,508,0.950
21,1,952,205,1168,716,0.950
21,2,436,223,550,492,0.950
21,3,159,219,327,624,0.950
21,4,550,259,663,510,0.950
21,5,679,261,760,497,0.950
21,7,378,324,443,531,0.950
21,9,758,237,859,499,0.950
21,10,0,286,43,484,0.950
21,12,291,207,391,509,0.950
22,1,952,204,1168,716,0.950
22,2,437,218,549,489,0.950
22,3,164,216,327,618,0.950
22,4,551,258,664,509,0.950
22,5,679,260,760,495,0.950
22,7,380,323,448,525,0.950
22,9,759,236,857,496,0.950
22,10,0,283,44,482,0.950
22,12,290,205,394,509,0.950
22,6,609,189,692,443,0.950
23,1,952,203,1168,716,0.950
23,2,438,216,550,482,0.950
23,3,166,213,326,615,0.950
23,4,552,259,663,509,0.950
23,5,678,260,761,495,0.950
23,7,383,320,449,525,0.950
23,9,758,235,859,495,0.950
23,10,0,281,45,480,0.950
23,12,295,212,398,509,0.950
24,1,953,202,1169,716,0.950
24,2,438,216,551,478,0.950
24,3,136,211,323,613,0.950
24,4,552,259,664,508,0.950
24,5,677,259,763,496,0.950
24,7,386,316,452,519,0.950
24,9,764,234,855,494,0.950
24,10,0,281,45,482,0.950
24,12,286,204,404,507,0.950
25,1,953,200,1169,716,0.950
25,2,439,214,551,478,0.950
25,3,126,211,323,607,0.950
25,4,552,255,665,507,0.950
25,5,676,258,764,495,0.950
25,7,391,314,456,516,0.950
25,9,758,233,857,493,0.950
25,10,0,279,46,475,0.950
25,12,297,202,404,505,0.950
26,1,954,200,1170,716,0.950
26,2,440,213,552,474,0.950
26,3,126,211,323,599,0.950
26,4,553,257,666,507,0.950
26,5,675,257,764,495,0.950
26,7,395,313,461,514,0.950
26,9,759,233,857,492,0.950
26,10,0,278,47,472,0.950
26,12,293,204,405,504,0.950
27,1,955,200,1171,716,0.950
27,2,440,213,552,471,0.950
27,3,129,210,322,596,0.950
27,4,552,253,667,506,0.950
27,5,676,257,764,498,0.950
27,7,399,311,471,513,0.950
27,9,761,232,854,491,0.950
27,10,0,276,48,469,0.950
27,12,309,202,406,504,0.950
28,1,954,199,1170,717,0.950
28,2,442,212,552,463,0.950
28,3,132,207,321,594,0.950
28,4,553,254,667,507,0.950
28,5,676,257,764,498,0.950
28,7,402,311,467,512,0.950
28,9,764,231,854,491,0.950
28,10,0,274,49,468,0.950
28,12,312,197,410,503,0.950
29,1,955,199,1171,717,0.950
29,2,443,211,553,467,0.950
29,3,141,207,317,594,0.950
29,4,554,255,667,507,0.950
29,5,676,256,763,497,0.950
29,7,401,313,475,511,0.950
29,9,766,231,858,490,0.950
29,10,0,274,50,468,0.950
29,12,313,202,416,502,0.950
30,1,956,198,1172,717,0.950
30,2,445,210,556,463,0.950
30,3,145,207,315,595,0.950
30,4,553,259,672,506,0.950
30,5,676,256,764,496,0.950
30,7,405,312,485,509,0.950
30,9,768,231,854,489,0.950
30,10,0,274,51,467,0.950
30,12,316,201,413,501,0.950
31,1,956,198,1173,717,0.950
31,2,446,211,555,465,0.950
31,3,147,207,312,597,0.950
31,4,555,259,672,506,0.950
31,5,675,256,764,496,0.950
31,7,405,312,489,510,0.950
31,9,766,231,852,490,0.950
31,10,0,273,56,465,0.950
31,12,317,195,412,498,0.950
32,1,957,198,1173,717,0.950
32,2,447,211,556,468,0.950
32,3,149,207,309,596,0.950
32,4,556,260,673,506,0.950
32,5,675,256,764,494,0.950
32,7,409,311,490,510,0.950
32,9,765,231,854,490,0.950
32,10,0,275,60,461,0.950
32,12,313,186,420,496,0.950
33,1,958,198,1174,717,0.950
33,2,448,210,558,458,0.950
33,3,153,209,305,597,0.950
33,4,556,260,674,506,0.950
33,5,676,256,763,493,0.950
33,7,409,311,492,510,0.950
33,9,766,231,853,491,0.950
33,10,0,276,63,463,0.950
33,12,319,189,419,494,0.950
34,1,959,199,1174,716,0.950
34,2,449,212,559,455,0.950
34,3,156,212,302,598,0.950
34,4,556,261,675,506,0.950
34,5,677,257,763,491,0.950
34,7,412,315,495,507,0.950
34,9,764,232,861,492,0.950
34,10,0,278,65,462,0.950
34,12,321,194,421,489,0.950
35,1,959,198,1174,717,0.950
35,2,448,214,560,457,0.950
35,3,158,212,301,598,0.950
35,4,557,260,675,506,0.950
35,5,673,258,762,492,0.950
35,7,417,316,501,508,0.950
35,9,763,232,858,493,0.950
35,10,0,279,68,467,0.950
35,12,328,198,426,489,0.950
36,1,959,198,1174,717,0.950
36,2,448,216,560,451,0.950
36,3,162,215,302,599,0.950
36,5,670,258,762,494,0.950
36,7,423,315,503,505,0.950
36,9,766,232,858,494,0.950
36,10,0,281,68,469,0.950
36,12,333,199,429,484,0.950
36,15,297,194,376,467,0.950
37,1,960,199,1175,717,0.950
37,2,450,217,562,447,0.950
37,3,171,219,304,599,0.950
37,5,673,259,763,499,0.950
37,7,430,316,506,501,0.950
37,9,764,235,858,495,0.950
37,10,0,283,70,470,0.950
37,12,340,200,435,483,0.950
37,15,298,194,376,462,0.950
37,16,557,277,625,508,0.950
37,4,560,275,673,509,0.950
38,1,959,202,1174,717,0.950
38,2,453,217,562,444,0.950
38,3,173,222,306,598,0.950
38,5,675,260,762,501,0.950
38,9,764,237,858,496,0.950
38,10,0,284,74,473,0.950
38,12,341,200,438,484,0.950
38,15,302,194,381,461,0.950
38,4,560,275,677,511,0.950
39,1,960,205,1175,718,0.950
39,2,455,217,563,441,0.950
39,3,177,224,307,597,0.950
39,5,676,260,763,507,0.950
39,9,764,238,855,498,0.950
39,10,1,285,77,475,0.950
39,12,339,204,441,485,0.950
39,15,305,196,384,461,0.950
39,4,560,274,678,512,0.950
40,1,960,205,1174,717,0.950
40,2,458,218,563,445,0.950
40,3,180,227,310,596,0.950
40,5,675,261,764,506,0.950
40,9,771,239,854,498,0.950
40,10,3,284,78,475,0.950
40,12,343,206,442,486,0.950
40,16,558,277,628,512,0.950
41,1,960,207,1174,717,0.950
41,2,461,220,564,445,0.950
41,3,186,225,310,584,0.950
41,5,673,261,764,506,0.950
41,9,770,241,857,500,0.950
41,10,6,283,79,472,0.950
41,12,326,209,444,486,0.950
41,16,560,277,638,514,0.950
41,7,448,325,515,502,0.950
42,1,960,208,1174,717,0.950
42,2,462,220,565,454,0.950
42,3,187,226,309,583,0.950
42,5,673,263,765,512,0.950
42,9,770,242,863,501,0.950
42,10,9,282,80,471,0.950
42,12,330,210,445,486,0.950
42,16,559,282,631,517,0.950
42,7,451,330,519,505,0.950
43,1,960,209,1174,718,0.950
43,2,464,220,567,458,0.950
43,3,189,226,307,581,0.950
43,5,672,264,763,509,0.950
43,9,767,242,883,504,0.950
43,10,10,283,82,469,0.950
43,12,340,208,448,489,0.950
43,16,558,282,631,519,0.950
43,7,450,331,520,507,0.950
44,1,959,212,1173,716,0.950
44,2,466,222,568,452,0.950
44,3,191,227,306,580,0.950
44,5,670,266,762,512,0.950
44,9,765,243,884,505,0.950
44,10,10,282,84,469,0.950
44,12,346,216,449,495,0.950
44,16,558,281,631,520,0.950
44,7,447,321,523,507,0.950
45,1,961,213,1174,717,0.950
45,2,466,222,569,459,0.950
45,3,191,228,304,578,0.950
45,5,670,269,763,512,0.950
45,9,765,245,884,506,0.950
45,10,10,281,85,468,0.950
45,12,348,215,448,497,0.950
45,16,558,284,632,521,0.950
45,7,450,321,522,509,0.950
46,1,959,215,1172,718,0.950
46,2,467,223,570,459,0.950
46,3,170,230,305,581,0.950
46,5,668,272,763,511,0.950
46,9,760,245,883,507,0.950
46,10,11,282,87,471,0.950
46,12,342,210,449,498,0.950
46,16,558,283,631,522,0.950
46,7,443,322,522,510,0.950
47,1,958,217,1172,718,0.950
47,2,468,225,570,462,0.950
47,3,186,231,303,579,0.950
47,5,667,275,763,511,0.950
47,9,761,246,876,510,0.950
47,10,12,285,87,472,0.950
47,12,349,209,448,500,0.950
47,16,558,286,633,525,0.950
47,7,441,323,522,512,0.950
48,1,957,219,1171,718,0.950
48,2,469,227,570,460,0.950
48,3,186,234,304,580,0.950
48,5,667,277,762,516,0.950
48,9,763,248,853,512,0.950
48,10,15,286,90,474,0.950
48,12,354,220,447,501,0.950
48,16,558,289,631,528,0.950
48,7,442,322,519,511,0.950
48,6,616,206,694,508,0.950
49,1,956,222,1170,718,0.950
49,2,470,228,570,462,0.950
49,3,184,238,305,580,0.950
49,5,667,280,763,515,0.950
49,9,760,250,852,514,0.950
49,10,17,288,91,473,0.950
49,12,354,216,447,502,0.950
49,16,558,288,639,529,0.950
49,7,446,321,518,512,0.950
49,6,616,202,696,511,0.950
50,1,956,223,1170,716,0.950
50,2,470,229,570,465,0.950
50,3,185,242,307,578,0.950
50,5,665,282,764,515,0.950
50,9,763,253,852,515,0.950
50,10,19,290,93,475,0.950
50,12,354,215,450,504,0.950
50,7,451,320,517,510,0.950
51,1,955,224,1170,716,0.950
51,2,468,229,569,471,0.950
51,3,173,245,309,586,0.950
51,5,665,284,765,519,0.950
51,9,761,254,852,516,0.950
51,10,19,292,94,478,0.950
51,12,353,211,451,504,0.950
51,16,557,297,646,535,0.950
51,6,618,209,693,514,0.950
52,1,954,224,1169,716,0.950
52,2,467,229,568,473,0.950
52,3,155,248,310,587,0.950
52,5,664,284,765,522,0.950
52,9,762,255,853,517,0.950
52,10,21,292,95,477,0.950
52,12,355,213,451,503,0.950
52,16,557,298,647,537,0.950
53,1,954,226,1168,716,0.950
53,2,467,230,567,482,0.950
53,3,178,249,308,580,0.950
53,5,664,286,764,524,0.950
53,9,755,257,855,518,0.950
53,10,23,293,95,476,0.950
53,12,352,213,450,503,0.950
53,16,556,289,647,539,0.950
53,6,612,175,694,517,0.950
54,1,953,228,1168,718,0.950
54,2,469,232,566,482,0.950
54,3,140,254,307,591,0.950
54,5,663,285,764,536,0.950
54,9,752,259,853,521,0.950
54,10,24,292,96,477,0.950
54,12,349,215,452,500,0.950
54,16,556,287,639,539,0.950
55,1,953,228,1166,717,0.950
55,2,471,235,566,478,0.950
55,3,149,255,304,589,0.950
55,5,664,285,763,528,0.950
55,9,754,260,866,521,0.950
55,10,26,293,98,471,0.950
55,12,350,214,449,492,0.950
55,16,555,293,638,541,0.950
55,18,1197,353,1279,715,0.950
55,7,451,339,520,505,0.950
56,1,951,229,1165,717,0.950
56,2,471,238,565,474,0.950
56,3,180,257,300,587,0.950
56,5,666,286,763,535,0.950
56,9,754,261,872,523,0.950
56,10,27,293,99,470,0.950
56,12,349,215,453,495,0.950
56,16,555,295,636,543,0.950
56,18,1197,302,1279,715,0.950
56,7,450,342,522,506,0.950
57,1,950,230,1163,717,0.950
57,2,471,239,564,476,0.950
57,3,170,258,298,586,0.950
57,5,665,285,763,537,0.950
57,9,757,262,872,525,0.950
57,10,31,293,99,468,0.950
57,12,349,216,454,493,0.950
57,16,554,297,635,544,0.950
57,18,1196,352,1279,716,0.950
57,19,300,203,354,360,0.950
58,1,949,230,1161,717,0.950
58,2,471,240,564,488,0.950
58,3,171,258,293,583,0.950
58,5,675,286,762,543,0.950
58,9,761,264,871,527,0.950
58,10,33,293,100,470,0.950
58,12,361,216,454,493,0.950
58,16,554,305,635,543,0.950
58,18,1194,346,1279,718,0.950
58,19,302,206,352,357,0.950
59,1,948,230,1159,717,0.950
59,2,470,240,564,494,0.950
59,3,168,257,291,583,0.950
59,5,677,287,763,550,0.950
59,9,766,266,842,529,0.950
59,10,33,294,102,471,0.950
59,12,364,216,454,493,0.950
59,16,553,305,635,544,0.950
60,1,948,233,1159,717,0.950
60,2,470,242,564,494,0.950
60,3,168,258,284,579,0.950
60,5,676,289,761,542,0.950
60,9,760,266,843,531,0.950
60,10,35,297,106,471,0.950
60,12,366,216,455,494,0.950
60,16,551,309,632,545,0.950
60,18,1194,339,1279,718,0.950
61,1,947,235,1158,717,0.950
61,2,470,243,565,495,0.950
61,3,168,259,281,575,0.950
61,5,675,289,760,548,0.950
61,9,756,268,848,532,0.950
61,10,36,300,110,472,0.950
61,12,364,216,456,495,0.950
61,16,551,311,632,546,0.950
62,1,946,236,1158,717,0.950
62,2,469,243,565,503,0.950
62,3,161,259,280,576,0.950
62,5,676,289,760,550,0.950
62,9,757,269,842,533,0.950
62,10,39,302,113,473,0.950
62,12,367,216,459,496,0.950
62,16,552,313,630,549,0.950
62,18,1194,348,1279,717,0.950
63,1,946,237,1157,716,0.950
63,2,468,244,564,506,0.950
63,3,162,260,277,577,0.950
63,5,681,289,761,549,0.950
63,9,756,269,840,533,0.950
63,10,43,305,117,475,0.950
63,12,367,216,463,497,0.950
63,16,551,313,627,549,0.950
63,18,1195,348,1279,718,0.950
64,1,945,238,1157,717,0.950
64,2,470,243,564,498,0.950
64,3,162,260,275,577,0.950
64,5,682,289,761,548,0.950
64,9,759,270,841,534,0.950
64,10,44,305,118,476,0.950
64,12,367,216,467,499,0.950
64,16,551,314,623,551,0.950
64,18,1195,343,1279,719,0.950
65,1,945,239,1156,717,0.950
65,2,469,243,566,498,0.950
65,3,160,261,275,578,0.950
65,5,686,290,760,545,0.950
65,9,764,271,840,535,0.950
65,10,45,306,119,477,0.950
65,12,369,214,465,499,0.950
65,16,549,316,623,553,0.950
65,18,1195,346,1279,719,0.950
65,19,294,210,357,365,0.950
66,1,945,239,1156,717,0.950
66,2,469,243,565,503,0.950
66,3,161,262,275,579,0.950
66,5,688,291,760,546,0.950
66,9,765,273,840,536,0.950
66,10,46,305,119,477,0.950
66,12,364,215,470,501,0.950
66,16,548,315,627,554,0.950
66,18,1195,345,1279,720,0.950
67,1,946,240,1156,717,0.950
67,2,466,245,564,511,0.950
67,3,162,263,274,580,0.950
67,5,687,292,765,552,0.950
67,9,766,275,842,536,0.950
67,10,46,307,119,478,0.950
67,12,361,214,470,501,0.950
67,16,549,313,631,555,0.950
67,18,1195,341,1279,720,0.950
67,19,293,215,355,367,0.950
68,1,946,240,1156,716,0.950
68,2,465,244,557,507,0.950
68,3,162,264,274,581,0.950
68,5,690,292,768,552,0.950
68,9,766,276,840,537,0.950
68,10,48,308,120,477,0.950
68,12,365,215,472,502,0.950
68,16,550,307,633,556,0.950
68,18,1195,346,1279,720,0.950
68,19,291,216,355,368,0.950
69,1,946,240,1156,717,0.950
69,2,467,246,566,506,0.950
69,3,166,266,276,581,0.950
69,5,690,291,770,551,0.950
69,9,765,277,843,538,0.950
69,10,48,308,122,478,0.950
69,12,366,215,471,500,0.950
69,16,550,307,633,556,0.950
69,18,1192,323,1279,720,0.950
70,1,946,242,1156,717,0.950
70,2,469,245,564,503,0.950
70,3,167,268,280,581,0.950
70,5,688,291,772,553,0.950
70,9,764,277,841,538,0.950
70,10,52,306,125,476,0.950
70,12,369,216,470,500,0.950
70,16,551,309,637,558,0.950
70,18,1192,344,1279,720,0.950
71,1,946,243,1156,717,0.950
71,2,472,246,555,504,0.950
71,3,164,271,283,583,0.950
71,5,688,290,774,553,0.950
71,9,764,278,839,539,0.950
71,10,59,306,128,473,0.950
71,12,378,218,473,498,0.950
71,16,549,311,633,557,0.950
71,18,1193,352,1279,719,0.950
72,1,946,244,1155,716,0.950
72,2,475,246,546,504,0.950
72,3,168,273,284,583,0.950
72,5,688,290,774,555,0.950
72,9,764,278,840,539,0.950
72,10,67,307,133,471,0.950
72,12,388,221,477,497,0.950
72,18,1194,355,1279,720,0.950
72,7,474,319,536,503,0.950
73,1,946,244,1155,717,0.950
73,2,477,248,541,503,0.950
73,3,171,274,285,582,0.950
73,5,689,290,776,552,0.950
73,9,764,278,847,541,0.950
73,10,71,307,134,469,0.950
73,12,389,222,476,495,0.950
73,18,1195,359,1279,720,0.950
73,7,477,321,538,503,0.950
74,1,947,245,1156,717,0.950
74,2,478,246,556,505,0.950
74,3,167,275,287,581,0.950
74,5,690,290,776,555,0.950
74,9,763,279,848,543,0.950
74,10,74,307,136,468,0.950
74,12,393,227,475,493,0.950
75,1,948,245,1157,717,0.950
75,2,479,247,557,508,0.950
75,3,163,274,289,581,0.950
75,5,691,290,776,553,0.950
75,9,764,279,849,545,0.950
75,10,76,307,138,468,0.950
75,12,398,233,475,490,0.950
76,1,948,247,1157,716,0.950
76,2,482,249,560,510,0.950
76,3,161,274,290,579,0.950
76,5,692,290,776,554,0.950
76,9,763,280,848,546,0.950
76,10,78,307,140,467,0.950
76,12,401,234,478,490,0.950
77,1,949,248,1158,716,0.950
77,2,484,250,560,509,0.950
77,3,166,273,291,571,0.950
77,5,694,290,776,559,0.950
77,9,763,280,840,547,0.950
77,10,81,308,143,469,0.950
77,12,399,232,480,489,0.950
78,1,949,248,1160,717,0.950
78,2,485,253,571,507,0.950
78,3,185,271,291,567,0.950
78,5,696,292,777,559,0.950
78,9,768,281,838,548,0.950
78,10,82,308,145,469,0.950
78,12,401,233,483,490,0.950
79,1,949,249,1162,717,0.950
79,2,486,251,576,508,0.950
79,3,188,272,293,566,0.950
79,5,696,292,777,556,0.950
79,9,766,281,840,549,0.950
79,10,84,308,147,468,0.950
79,12,400,231,483,490,0.950
80,1,951,250,1166,717,0.950
80,2,487,251,574,507,0.950
80,3,183,273,293,566,0.950
80,5,696,293,777,556,0.950
80,9,766,282,842,549,0.950
80,10,85,309,150,468,0.950
80,12,399,228,485,491,0.950
81,1,951,250,1168,716,0.950
81,2,487,251,579,508,0.950
81,3,170,272,294,566,0.950
81,5,696,295,776,555,0.950
81,9,768,283,841,549,0.950
81,10,87,310,152,471,0.950
81,12,408,233,486,493,0.950
82,1,952,250,1170,716,0.950
82,2,492,250,580,502,0.950
82,3,166,273,295,566,0.950
82,5,696,295,776,557,0.950
82,9,767,282,841,550,0.950
82,10,86,309,152,472,0.950
82,12,409,238,488,495,0.950
83,1,953,249,1169,716,0.950
83,2,494,250,581,505,0.950
83,3,165,275,295,566,0.950
83,5,696,296,775,556,0.950
83,9,764,283,843,550,0.950
83,10,88,308,153,473,0.950
83,12,408,231,490,495,0.950
84,1,954,249,1168,716,0.950
84,2,497,252,582,501,0.950
84,3,170,277,296,569,0.950
84,5,696,297,775,553,0.950
84,9,767,285,844,550,0.950
84,10,89,308,156,473,0.950
84,12,408,229,495,494,0.950
84,18,1161,281,1278,697,0.950
85,1,954,250,1169,716,0.950
85,2,500,251,583,500,0.950
85,3,168,277,297,569,0.950
85,5,697,297,777,553,0.950
85,9,769,285,848,550,0.950
85,10,90,308,158,471,0.950
85,12,406,226,497,495,0.950
86,1,955,251,1171,717,0.950
86,2,502,251,583,497,0.950
86,3,171,278,297,569,0.950
86,5,697,298,777,554,0.950
86,9,770,285,854,550,0.950
86,10,92,308,160,468,0.950
86,12,411,228,498,497,0.950
86,4,559,313,681,566,0.950
87,1,957,252,1174,716,0.950
87,2,503,252,584,498,0.950
87,3,171,279,297,570,0.950
87,5,698,298,778,554,0.950
87,9,772,286,864,551,0.950
87,10,95,308,163,465,0.950
87,12,409,228,499,498,0.950
87,4,565,314,681,567,0.950
87,18,1161,280,1279,691,0.950
88,1,958,253,1176,716,0.950
88,3,171,280,298,569,0.950
88,5,697,298,781,555,0.950
88,9,771,286,857,551,0.950
88,10,99,307,165,463,0.950
88,12,412,225,496,497,0.950
88,4,565,316,681,567,0.950
88,21,302,229,374,381,0.950
88,18,1162,278,1278,691,0.950
89,1,959,254,1176,716,0.950
89,3,171,280,298,567,0.950
89,5,698,299,780,556,0.950
89,9,772,286,862,552,0.950
89,10,100,307,167,464,0.950
89,12,413,224,497,497,0.950
89,4,563,318,682,570,0.950
89,21,303,233,367,383,0.950
90,1,960,255,1175,716,0.950
90,3,173,280,297,566,0.950
90,5,698,299,779,559,0.950
90,9,767,287,859,552,0.950
90,10,100,307,168,463,0.950
90,12,415,222,499,493,0.950
90,4,564,320,685,570,0.950
90,21,303,231,373,382,0.950
90,18,1162,279,1279,691,0.950
91,1,960,255,1175,716,0.950
91,3,181,279,297,566,0.950
91,5,698,300,781,560,0.950
91,9,767,287,861,552,0.950
91,10,102,306,169,464,0.950
91,12,418,221,500,492,0.950
91,4,565,319,685,571,0.950
91,21,303,232,369,381,0.950
91,18,1161,281,1278,689,0.950
92,1,960,256,1174,716,0.950
92,3,185,279,296,564,0.950
92,5,694,299,784,565,0.950
92,9,771,287,857,552,0.950
92,10,103,306,171,465,0.950
92,12,419,226,503,492,0.950
92,4,557,304,686,571,0.950
92,21,304,233,375,383,0.950
93,1,961,256,1175,716,0.950
93,3,185,278,296,562,0.950
93,5,690,300,784,565,0.950
93,9,773,288,856,552,0.950
93,10,107,308,173,464,0.950
93,12,422,225,505,490,0.950
93,4,561,318,686,571,0.950
93,21,303,233,375,383,0.950
94,1,961,257,1175,716,0.950
94,3,185,278,296,557,0.950
94,5,690,300,784,557,0.950
94,9,774,288,859,552,0.950
94,10,111,308,176,465,0.950
94,12,424,225,508,487,0.950
94,4,561,321,686,571,0.950
94,21,303,235,376,384,0.950
94,18,1158,282,1275,615,0.950
95,1,961,257,1175,716,0.950
95,3,183,279,297,552,0.950
95,5,687,301,784,565,0.950
95,9,774,289,862,553,0.950
95,10,115,309,179,464,0.950
95,12,426,227,510,483,0.950
95,4,554,322,687,572,0.950
95,21,302,236,373,384,0.950
96,1,962,257,1175,716,0.950
96,3,185,278,297,551,0.950
96,5,688,300,785,566,0.950
96,9,774,289,858,553,0.950
96,10,119,310,180,465,0.950
96,12,427,227,514,481,0.950
96,4,556,322,688,571,0.950
96,21,303,236,373,384,0.950
97,1,963,257,1175,716,0.950
97,3,184,278,298,550,0.950
97,5,681,300,785,570,0.950
97,9,775,289,853,553,0.950
97,10,121,311,181,465,0.950
97,12,428,228,518,483,0.950
97,4,561,322,688,572,0.950
98,1,963,257,1175,716,0.950
98,3,184,279,298,549,0.950
98,5,681,299,785,572,0.950
98,9,775,289,853,553,0.950
98,10,123,311,182,466,0.950
98,12,429,229,519,482,0.950
98,4,557,320,688,571,0.950
98,21,305,237,377,386,0.950
99,1,963,258,1176,716,0.950
99,3,186,280,298,551,0.950
99,5,681,299,786,572,0.950
99,9,775,290,854,554,0.950
99,10,126,311,184,467,0.950
99,12,428,229,517,483,0.950
99,4,547,298,688,573,0.950
100,1,963,258,1175,716,0.950
100,3,185,280,299,551,0.950
100,5,681,298,787,571,0.950
100,9,777,291,853,554,0.950
100,10,129,311,186,466,0.950
100,12,430,228,518,483,0.950
100,4,545,297,688,574,0.950
100,7,499,337,563,496,0.950
101,1,963,259,1176,716,0.950
101,3,189,280,299,551,0.950
101,5,686,297,787,571,0.950
101,9,777,291,855,555,0.950
101,10,133,311,188,465,0.950
101,12,430,230,517,483,0.950
101,4,550,297,689,576,0.950
102,1,963,259,1176,716,0.950
102,3,190,280,300,552,0.950
102,5,688,298,787,573,0.950
102,9,778,293,855,555,0.950
102,10,135,311,190,465,0.950
102,12,432,231,522,483,0.950
102,4,551,296,688,576,0.950
103,1,964,260,1176,716,0.950
103,3,193,281,301,554,0.950
103,5,709,299,786,561,0.950
103,9,778,295,855,556,0.950
103,10,135,314,191,464,0.950
103,12,435,232,528,484,0.950
103,4,557,297,688,577,0.950
103,21,305,240,379,390,0.950
104,1,964,259,1176,716,0.950
104,3,196,283,302,557,0.950
104,5,709,300,787,569,0.950
104,9,778,296,853,556,0.950
104,10,137,318,192,460,0.950
104,12,435,233,529,485,0.950
104,4,559,300,687,577,0.950
104,21,305,240,380,390,0.950
105,1,963,260,1177,716,0.950
105,3,198,285,303,556,0.950
105,5,709,301,788,569,0.950
105,9,778,297,853,557,0.950
105,10,141,319,193,458,0.950
105,12,435,237,528,486,0.950
105,4,563,304,687,577,0.950
106,1,964,260,1177,716,0.950
106,3,196,286,305,556,0.950
106,5,707,302,787,571,0.950
106,9,777,297,851,559,0.950
106,10,143,313,196,458,0.950
106,12,435,232,530,487,0.950
106,4,567,326,688,578,0.950
106,21,306,243,379,391,0.950
107,1,962,262,1176,716,0.950
107,3,197,287,306,554,0.950
107,5,702,301,788,575,0.950
107,9,777,298,851,560,0.950
107,12,436,233,530,488,0.950
107,4,568,328,687,578,0.950
108,1,963,262,1176,716,0.950
108,3,196,287,307,552,0.950
108,5,701,303,788,572,0.950
108,9,778,299,852,561,0.950
108,12,437,233,529,488,0.950
108,4,569,327,687,579,0.950
108,21,301,247,370,391,0.950
109,1,963,263,1176,716,0.950
109,3,196,285,308,553,0.950
109,5,700,304,788,572,0.950
109,9,778,300,853,562,0.950
109,12,439,233,529,487,0.950
109,4,568,329,686,580,0.950
109,10,150,313,199,455,0.950
110,1,963,263,1177,716,0.950
110,3,197,284,310,552,0.950
110,5,681,303,787,576,0.950
110,9,777,301,853,563,0.950
110,12,440,237,528,488,0.950
110,4,569,329,687,580,0.950
110,10,152,312,202,453,0.950
111,1,963,263,1177,716,0.950
111,3,202,282,311,548,0.950
111,5,680,302,787,576,0.950
111,9,778,302,854,563,0.950
111,12,442,237,530,488,0.950
111,4,572,333,682,581,0.950
111,10,154,311,203,454,0.950
112,1,963,264,1177,716,0.950
112,3,205,282,312,543,0.950
112,5,680,300,788,576,0.950
112,9,779,302,854,564,0.950
112,12,443,236,532,488,0.950
112,4,570,332,687,583,0.950
112,10,156,311,203,454,0.950
113,1,963,266,1177,716,0.950
113,3,202,281,313,539,0.950
113,5,680,302,787,573,0.950
113,9,779,303,854,565,0.950
113,12,446,236,536,488,0.950
113,4,571,337,690,583,0.950
113,10,157,312,205,456,0.950
114,1,963,266,1177,716,0.950
114,3,203,280,314,536,0.950
114,5,680,302,789,580,0.950
114,9,780,304,853,565,0.950
114,12,447,233,538,487,0.950
114,4,571,333,688,584,0.950
114,10,159,315,206,457,0.950
115,1,963,268,1176,716,0.950
115,3,203,281,314,532,0.950
115,5,680,303,791,580,0.950
115,9,780,305,851,566,0.950
115,12,449,239,539,487,0.950
115,4,571,332,687,584,0.950
115,10,160,313,207,458,0.950
116,1,962,268,1175,717,0.950
116,3,202,282,314,532,0.950
116,5,679,306,792,584,0.950
116,9,780,306,850,567,0.950
116,12,451,239,541,486,0.950
116,4,570,328,686,585,0.950
117,1,962,269,1174,717,0.950
117,3,202,282,315,531,0.950
117,5,681,307,791,585,0.950
117,9,780,307,850,567,0.950
117,12,452,239,542,483,0.950
117,4,566,332,684,585,0.950
117,24,1213,463,1279,717,0.950
117,25,1172,324,1265,628,0.950
117,21,304,248,374,400,0.950
117,10,160,313,209,460,0.950
118,1,961,270,1173,717,0.950
118,3,203,283,316,532,0.950
118,5,705,307,791,578,0.950
118,9,781,306,852,568,0.950
118,12,453,240,542,479,0.950
118,24,1214,467,1279,717,0.950
118,25,1172,329,1270,637,0.950
118,21,304,249,374,400,0.950
118,10,162,314,210,460,0.950
119,1,961,270,1173,717,0.950
119,3,204,284,318,533,0.950
119,5,701,310,790,577,0.950
119,9,782,307,859,569,0.950
119,12,453,234,543,478,0.950
119,24,1214,480,1279,717,0.950
119,25,1172,328,1272,638,0.950
119,21,304,249,374,400,0.950
119,10,164,314,212,459,0.950
119,4,568,334,680,586,0.950
120,1,962,270,1174,717,0.950
120,3,208,286,316,534,0.950
120,5,702,310,790,581,0.950
120,9,782,307,848,569,0.950
120,12,453,231,542,477,0.950
120,24,1213,484,1279,717,0.950
120,25,1174,327,1274,637,0.950
120,21,305,250,376,401,0.950
120,10,168,314,214,459,0.950
120,4,569,337,680,586,0.950
121,1,962,270,1174,717,0.950
121,3,208,286,318,535,0.950
121,5,702,310,790,581,0.950
121,9,781,307,847,569,0.950
121,12,453,227,543,476,0.950
121,24,1212,475,1279,717,0.950
121,25,1176,325,1277,635,0.950
121,21,305,250,376,402,0.950
121,10,168,316,214,457,0.950
121,4,568,332,679,587,0.950
122,1,961,270,1174,717,0.950
122,3,210,287,317,536,0.950
122,5,698,310,790,582,0.950
122,9,779,307,850,569,0.950
122,12,455,230,545,476,0.950
122,24,1211,470,1279,717,0.950
122,21,305,251,377,402,0.950
122,10,170,316,216,454,0.950
123,1,961,271,1173,717,0.950
123,3,211,287,317,536,0.950
123,5,687,310,790,584,0.950
123,9,781,307,847,569,0.950
123,12,457,231,546,477,0.950
123,21,306,251,377,402,0.950
123,25,1168,328,1272,630,0.950
123,4,566,329,675,587,0.950
124,1,961,271,1173,717,0.950
124,3,209,286,316,534,0.950
124,5,683,311,790,586,0.950
124,9,782,307,847,569,0.950
124,12,459,232,548,478,0.950
124,21,306,251,377,403,0.950
124,4,564,323,676,588,0.950
125,1,961,272,1174,717,0.950
125,3,212,287,316,535,0.950
125,5,682,310,789,582,0.950
125,9,781,307,847,569,0.950
125,12,463,232,548,479,0.950
125,21,306,251,377,403,0.950
125,4,563,327,677,588,0.950
125,25,1167,326,1272,629,0.950
126,1,961,272,1172,717,0.950
126,3,218,286,314,533,0.950
126,5,682,311,789,583,0.950
126,9,781,307,848,569,0.950
126,12,465,231,552,479,0.950
126,21,306,251,377,402,0.950
127,1,961,271,1173,717,0.950
127,3,218,285,314,530,0.950
127,5,682,311,788,583,0.950
127,9,781,307,848,569,0.950
127,12,467,231,555,479,0.950
127,21,306,252,376,403,0.950
128,1,960,271,1172,717,0.950
128,3,217,284,312,529,0.950
128,5,683,312,788,583,0.950
128,9,780,307,848,569,0.950
128,12,469,230,553,478,0.950
128,21,306,252,377,403,0.950
129,1,960,271,1173,717,0.950
129,3,226,283,314,528,0.950
129,5,682,312,789,583,0.950
129,9,780,307,849,569,0.950
129,12,470,227,557,478,0.950
129,21,306,252,377,404,0.950
129,16,560,331,630,588,0.950
129,25,1166,313,1279,634,0.950
130,1,960,271,1171,717,0.950
130,3,228,282,317,523,0.950
130,5,682,312,789,582,0.950
130,9,780,307,848,569,0.950
130,12,471,230,560,478,0.950
130,21,306,252,377,405,0.950
130,16,559,332,632,589,0.950
130,25,1163,312,1279,634,0.950
131,1,960,270,1173,717,0.950
131,3,230,281,317,518,0.950
131,5,682,312,790,582,0.950
131,9,780,307,849,570,0.950
131,12,471,225,563,479,0.950
131,21,306,252,377,405,0.950
131,16,555,337,632,589,0.950
131,25,1171,312,1279,633,0.950
132,1,961,270,1173,716,0.950
132,3,232,280,319,514,0.950
132,5,683,312,792,583,0.950
132,9,781,308,849,570,0.950
132,12,473,242,550,478,0.950
132,21,306,253,376,405,0.950
132,16,554,336,631,589,0.950
133,1,961,270,1174,716,0.950
133,3,231,280,320,512,0.950
133,5,683,312,794,583,0.950
133,9,781,308,849,570,0.950
133,12,474,231,556,477,0.950
133,21,307,254,377,403,0.950
133,16,554,337,632,589,0.950
133,4,554,328,663,588,0.950
134,1,961,271,1173,716,0.950
134,3,232,279,321,511,0.950
134,5,683,311,795,582,0.950
134,9,780,308,850,570,0.950
134,12,476,224,563,476,0.950
134,21,306,254,376,406,0.950
134,16,554,335,633,589,0.950
134,4,555,325,671,588,0.950
135,1,961,271,1174,717,0.950
135,3,232,280,320,512,0.950
135,5,683,311,794,583,0.950
135,9,781,307,850,570,0.950
135,12,477,228,558,476,0.950
135,21,306,254,376,406,0.950
135,4,556,326,681,587,0.950
136,1,960,270,1174,717,0.950
136,3,234,279,319,511,0.950
136,5,682,312,794,583,0.950
136,9,781,307,850,569,0.950
136,12,480,226,562,473,0.950
136,21,306,254,377,406,0.950
136,4,557,326,681,588,0.950
137,1,960,270,1174,717,0.950
137,3,233,279,318,511,0.950
137,5,682,312,793,582,0.950
137,9,781,307,848,569,0.950
137,12,482,222,562,470,0.950
137,21,307,254,376,406,0.950
137,4,556,324,681,587,0.950
138,1,961,270,1173,717,0.950
138,3,228,280,320,512,0.950
138,5,684,313,792,579,0.950
138,9,779,307,851,570,0.950
138,12,484,230,556,469,0.950
138,21,307,254,375,405,0.950
138,4,555,325,681,587,0.950
138,25,1167,317,1238,627,0.950
139,1,960,270,1174,717,0.950
139,3,233,280,321,512,0.950
139,5,683,314,792,580,0.950
139,9,782,307,850,569,0.950
139,12,485,229,559,466,0.950
139,21,308,254,375,405,0.950
139,4,558,327,681,588,0.950
139,25,1164,313,1237,625,0.950
140,1,961,271,1174,717,0.950
140,3,236,279,323,513,0.950
140,5,684,315,794,583,0.950
140,9,782,307,850,569,0.950
140,4,555,325,682,586,0.950
140,25,1163,314,1237,622,0.950
141,1,961,271,1173,717,0.950
141,3,234,280,323,512,0.950
141,5,684,315,795,584,0.950
141,9,782,307,850,569,0.950
141,4,558,327,682,585,0.950
141,25,1162,314,1237,624,0.950
142,1,962,271,1173,717,0.950
142,3,236,280,323,510,0.950
142,5,688,315,794,578,0.950
142,9,782,307,852,569,0.950
142,4,559,328,684,585,0.950
142,25,1163,313,1236,635,0.950
142,12,491,223,580,463,0.950
143,1,962,271,1173,717,0.950
143,3,236,281,323,511,0.950
143,5,687,316,799,583,0.950
143,9,783,307,869,570,0.950
143,4,559,329,686,586,0.950
143,25,1163,314,1237,635,0.950
143,12,493,240,560,462,0.950
144,1,963,271,1173,717,0.950
144,3,231,280,327,510,0.950
144,5,687,316,799,585,0.950
144,9,784,307,882,570,0.950
144,4,561,327,685,588,0.950
144,25,1162,313,1239,635,0.950
144,12,495,241,561,462,0.950
145,1,963,271,1174,717,0.950
145,3,235,281,328,508,0.950
145,5,690,317,799,586,0.950
145,9,784,308,883,570,0.950
145,4,561,327,685,587,0.950
145,25,1161,313,1242,637,0.950
145,12,497,241,565,461,0.950
146,1,964,272,1175,718,0.950
146,3,235,280,331,505,0.950
146,5,687,317,800,583,0.950
146,9,782,308,884,569,0.950
146,4,562,326,685,588,0.950
146,25,1162,314,1238,632,0.950
146,12,500,236,572,460,0.950
146,26,1213,302,1279,491,0.950
147,1,965,271,1175,718,0.950
147,3,235,277,336,501,0.950
147,5,697,316,799,578,0.950
147,9,783,308,876,569,0.950
147,4,563,322,686,587,0.950
147,25,1162,313,1240,629,0.950
147,12,502,222,582,461,0.950
147,26,1212,302,1279,492,0.950
148,1,966,271,1175,718,0.950
148,3,241,275,336,499,0.950
148,5,701,316,796,578,0.950
148,9,783,307,874,569,0.950
148,4,563,321,687,587,0.950
148,25,1163,313,1237,632,0.950
148,12,504,220,591,463,0.950
148,26,1212,303,1279,492,0.950
149,1,966,271,1176,719,0.950
149,3,245,274,336,495,0.950
149,5,694,317,795,582,0.950
149,9,783,307,882,569,0.950
149,4,563,322,686,587,0.950
149,25,1163,314,1238,635,0.950
149,12,506,217,591,462,0.950
149,26,1212,303,1279,496,0.950
149,21,317,256,383,402,0.950
150,1,966,272,1177,719,0.950
150,3,246,273,335,492,0.950
150,5,691,317,795,590,0.950
150,9,783,306,877,569,0.950
150,4,563,325,684,586,0.950
150,25,1162,315,1241,645,0.950
150,12,508,216,586,463,0.950
150,21,319,255,383,402,0.950
151,1,967,272,1179,719,0.950
151,3,247,272,335,488,0.950
151,5,693,317,795,590,0.950
151,9,784,305,872,569,0.950
151,4,564,326,684,586,0.950
151,12,511,217,579,463,0.950
151,21,320,255,384,403,0.950
151,27,616,249,700,435,0.950
152,1,968,272,1179,719,0.950
152,3,248,272,335,487,0.950
152,5,706,316,795,584,0.950
152,9,784,305,871,569,0.950
152,4,565,323,688,587,0.950
152,12,514,216,578,463,0.950
152,21,320,255,385,403,0.950
152,27,619,246,702,434,0.950
153,1,968,271,1181,719,0.950
153,3,248,272,337,488,0.950
153,5,702,316,795,583,0.950
153,9,783,305,868,569,0.950
153,4,565,322,689,587,0.950
153,12,515,216,581,462,0.950
153,21,321,255,386,403,0.950
153,26,1214,297,1279,471,0.950
154,1,969,271,1181,719,0.950
154,3,249,272,337,487,0.950
154,5,697,316,807,584,0.950
154,9,784,305,862,568,0.950
154,4,564,322,688,588,0.950
154,12,518,216,590,462,0.950
154,21,321,255,386,403,0.950
154,25,1159,310,1278,694,0.950
155,1,969,271,1183,720,0.950
155,3,249,272,338,487,0.950
155,9,782,305,862,568,0.950
155,4,564,325,688,586,0.950
155,12,519,215,591,461,0.950
155,21,321,255,387,403,0.950
156,1,970,271,1183,719,0.950
156,3,248,272,339,489,0.950
156,9,782,305,863,568,0.950
156,4,565,325,691,587,0.950
156,12,521,217,589,459,0.950
156,21,321,255,387,404,0.950
156,5,694,314,847,588,0.950
157,1,971,270,1183,719,0.950
157,3,249,273,340,490,0.950
157,9,782,305,865,568,0.950
157,4,567,321,691,587,0.950
157,12,521,217,593,458,0.950
157,21,321,254,387,403,0.950
157,5,694,313,844,588,0.950
158,1,971,270,1183,718,0.950
158,3,248,275,341,490,0.950
158,9,783,305,868,569,0.950
158,4,566,323,693,588,0.950
158,12,522,218,592,455,0.950
158,21,322,255,387,403,0.950
158,5,694,311,840,589,0.950
159,1,972,269,1184,718,0.950
159,3,250,276,341,488,0.950
159,9,782,305,869,568,0.950
159,4,567,325,694,588,0.950
159,12,524,219,595,455,0.950
159,21,323,255,387,402,0.950
159,5,694,310,841,590,0.950
160,1,972,269,1181,718,0.950
160,3,259,278,342,486,0.950
160,9,784,305,865,568,0.950
160,4,567,323,695,587,0.950
160,12,524,214,597,450,0.950
160,21,323,256,388,402,0.950
160,5,694,310,842,590,0.950
161,1,973,268,1183,717,0.950
161,3,264,276,343,485,0.950
161,9,784,304,864,568,0.950
161,4,568,323,698,587,0.950
161,21,323,256,389,402,0.950
161,5,695,311,801,587,0.950
161,25,1172,307,1279,719,0.950
162,1,972,268,1184,718,0.950
162,3,266,274,344,483,0.950
162,9,785,304,864,568,0.950
162,4,569,324,701,587,0.950
162,21,323,256,389,402,0.950
162,5,696,311,797,589,0.950
162,25,1195,310,1280,718,0.950
163,1,973,268,1185,718,0.950
163,3,268,273,345,483,0.950
163,9,786,305,864,568,0.950
163,4,570,328,703,586,0.950
163,21,323,255,389,403,0.950
163,5,700,311,802,587,0.950
163,25,1191,321,1280,718,0.950
164,1,973,268,1186,718,0.950
164,3,267,271,346,481,0.950
164,9,786,305,866,568,0.950
164,4,571,328,703,587,0.950
164,21,323,255,389,411,0.950
164,5,707,311,801,588,0.950
164,25,1193,335,1280,717,0.950
164,27,654,247,727,426,0.950
165,1,973,267,1187,718,0.950
165,3,272,270,348,475,0.950
165,9,786,305,867,568,0.950
165,4,571,327,703,590,0.950
165,21,324,255,389,410,0.950
165,5,710,312,802,587,0.950
165,25,1192,353,1280,716,0.950
165,27,657,248,730,431,0.950
166,1,973,267,1186,717,0.950
166,3,274,270,347,473,0.950
166,9,787,305,868,568,0.950
166,4,572,330,703,590,0.950
166,21,324,256,390,411,0.950
166,5,712,312,803,587,0.950
166,25,1174,308,1279,717,0.950
166,27,662,247,732,428,0.950
167,1,973,267,1186,717,0.950
167,3,273,270,352,473,0.950
167,9,789,305,868,568,0.950
167,4,569,329,703,590,0.950
167,5,715,313,803,587,0.950
167,25,1172,310,1279,716,0.950
168,1,973,268,1187,718,0.950
168,3,272,270,352,473,0.950
168,9,788,305,868,568,0.950
168,4,568,327,704,590,0.950
168,5,716,313,800,585,0.950
168,25,1171,306,1279,718,0.950
169,1,973,268,1187,718,0.950
169,3,274,271,352,473,0.950
169,9,784,305,868,568,0.950
169,4,570,325,703,587,0.950
169,5,717,314,796,583,0.950
169,25,1170,306,1279,718,0.950
169,28,0,480,62,716,0.950
169,27,667,242,736,422,0.950
170,1,973,268,1187,718,0.950
170,3,275,270,353,472,0.950
170,9,785,305,868,568,0.950
170,4,571,325,703,587,0.950
170,5,716,314,796,584,0.950
170,25,1171,306,1279,719,0.950
170,28,0,459,79,717,0.950
171,1,973,268,1187,718,0.950
171,3,276,272,354,472,0.950
171,9,785,306,868,568,0.950
171,4,572,328,705,588,0.950
171,5,717,314,796,583,0.950
171,25,1169,303,1279,719,0.950
171,28,0,449,89,711,0.950
172,1,973,268,1187,718,0.950
172,3,275,273,355,472,0.950
172,9,785,306,868,569,0.950
172,4,574,328,705,587,0.950
172,5,717,313,797,582,0.950
172,25,1169,303,1279,719,0.950
172,28,0,440,96,697,0.950
173,1,973,268,1188,717,0.950
173,3,275,275,357,472,0.950
173,9,785,306,867,569,0.950
173,4,574,330,705,589,0.950
173,5,717,313,800,583,0.950
173,25,1168,304,1279,719,0.950
173,28,0,430,104,703,0.950
174,1,973,268,1188,717,0.950
174,3,274,276,358,473,0.950
174,9,784,306,867,569,0.950
174,4,574,328,706,588,0.950
174,5,718,313,798,582,0.950
174,25,1168,306,1279,719,0.950
174,28,0,427,109,713,0.950
174,27,670,245,740,425,0.950
175,1,974,268,1188,717,0.950
175,3,274,275,360,473,0.950
175,9,784,307,867,569,0.950
175,4,573,328,707,587,0.950
175,5,720,315,797,582,0.950
175,25,1168,305,1279,719,0.950
175,28,0,423,111,714,0.950
175,27,674,246,742,428,0.950
176,1,974,268,1188,717,0.950
176,3,278,276,361,474,0.950
176,9,787,306,868,569,0.950
176,4,575,328,707,586,0.950
176,5,721,315,798,580,0.950
176,25,1168,309,1279,719,0.950
176,28,0,418,114,715,0.950
176,27,674,247,741,423,0.950
177,1,975,268,1188,717,0.950
177,3,282,277,361,475,0.950
177,9,788,307,869,569,0.950
177,4,577,326,708,587,0.950
177,5,721,317,801,586,0.950
177,25,1169,308,1279,719,0.950
177,28,0,422,115,715,0.950
177,27,675,246,743,424,0.950
178,1,975,268,1188,717,0.950
178,3,283,277,364,476,0.950
178,9,788,307,869,569,0.950
178,4,579,328,708,587,0.950
178,5,724,315,800,578,0.950
178,25,1171,311,1279,719,0.950
178,28,0,429,115,716,0.950
178,27,677,248,743,423,0.950
178,29,360,311,402,422,0.950
179,1,975,268,1189,718,0.950
179,3,285,277,366,475,0.950
179,9,787,308,870,569,0.950
179,4,580,328,709,587,0.950
179,5,722,316,801,583,0.950
179,25,1174,311,1279,719,0.950
179,28,0,431,114,716,0.950
179,27,678,253,744,426,0.950
179,29,363,307,412,422,0.950
180,1,976,270,1191,718,0.950
180,3,287,276,372,473,0.950
180,9,785,308,871,570,0.950
180,4,581,328,709,587,0.950
180,5,723,317,804,582,0.950
180,25,1180,309,1279,719,0.950
180,28,0,426,113,715,0.950
181,1,976,270,1192,718,0.950
181,3,289,275,373,472,0.950
181,9,782,308,871,570,0.950
181,4,582,330,709,587,0.950
181,5,723,317,804,580,0.950
181,25,1183,311,1279,719,0.950
181,28,0,413,111,714,0.950
182,1,977,270,1193,719,0.950
182,3,291,270,374,470,0.950
182,9,777,308,873,571,0.950
182,4,582,328,710,587,0.950
182,5,713,317,804,576,0.950
182,25,1185,316,1279,719,0.950
182,28,0,372,109,712,0.950
182,27,684,246,747,423,0.950
183,1,978,270,1194,719,0.950
183,3,292,268,379,467,0.950
183,9,777,309,874,571,0.950
183,4,583,326,711,587,0.950
183,5,728,317,805,575,0.950
183,25,1188,310,1279,719,0.950
183,28,0,372,108,713,0.950
184,1,978,270,1196,718,0.950
184,3,290,269,374,464,0.950
184,9,780,309,876,572,0.950
184,4,583,325,712,588,0.950
184,5,731,318,807,577,0.950
184,25,1192,429,1279,718,0.950
184,28,0,363,106,712,0.950
185,1,979,269,1196,718,0.950
185,3,294,270,378,462,0.950
185,9,782,308,875,569,0.950
185,4,583,326,714,588,0.950
185,5,733,319,809,577,0.950
185,25,1193,434,1279,717,0.950
185,28,0,359,104,711,0.950
186,1,980,268,1197,718,0.950
186,3,296,269,382,461,0.950
186,9,788,307,875,569,0.950
186,5,735,319,816,576,0.950
186,28,0,347,102,713,0.950
186,29,379,307,444,423,0.950
186,27,693,242,753,417,0.950
187,1,980,269,1198,718,0.950
187,3,301,269,385,458,0.950
187,9,787,307,876,569,0.950
187,5,735,319,816,575,0.950
187,28,0,324,103,712,0.950
187,29,383,308,447,420,0.950
187,27,694,238,753,413,0.950
187,4,585,322,715,590,0.950
187,25,1189,302,1279,720,0.950
188,1,980,268,1198,718,0.950
188,3,308,269,391,457,0.950
188,9,784,307,877,569,0.950
188,5,737,320,814,575,0.950
188,28,0,310,102,713,0.950
188,29,384,303,450,424,0.950
188,27,695,235,754,413,0.950
188,4,586,321,716,589,0.950
188,25,1189,312,1279,720,0.950
189,1,980,268,1196,719,0.950
189,3,308,268,390,456,0.950
189,9,786,307,877,569,0.950
189,5,738,320,816,577,0.950
189,28,0,299,103,714,0.950
189,29,388,297,455,420,0.950
189,27,696,238,755,414,0.950
189,4,586,323,716,589,0.950
189,25,1189,316,1279,720,0.950
190,1,981,269,1198,719,0.950
190,3,310,265,390,456,0.950
190,9,788,307,878,569,0.950
190,5,739,320,816,579,0.950
190,28,0,285,104,714,0.950
190,29,396,299,458,421,0.950
190,27,696,242,757,419,0.950
190,4,586,321,717,589,0.950
190,25,1184,319,1279,720,0.950
191,1,981,269,1197,719,0.950
191,3,309,263,390,457,0.950
191,9,790,307,887,569,0.950
191,5,739,321,818,581,0.950
191,28,0,285,104,716,0.950
191,29,403,296,459,418,0.950
191,27,699,238,756,414,0.950
191,4,587,322,718,589,0.950
191,25,1181,316,1279,719,0.950
192,1,983,269,1199,719,0.950
192,3,312,262,391,456,0.950
192,9,794,307,886,570,0.950
192,5,739,322,817,584,0.950
192,28,0,284,105,717,0.950
192,29,412,294,462,415,0.950
192,27,700,236,756,415,0.950
192,4,587,317,718,590,0.950
192,25,1178,319,1279,720,0.950
193,1,983,269,1199,719,0.950
193,3,314,263,391,456,0.950
193,9,799,307,886,569,0.950
193,5,736,322,817,584,0.950
193,28,0,286,111,716,0.950
193,29,422,289,465,414,0.950
193,27,702,238,758,415,0.950
193,4,587,317,718,590,0.950
193,25,1175,319,1278,716,0.950
194,1,983,269,1198,719,0.950
194,3,316,262,390,456,0.950
194,9,798,307,895,569,0.950
194,5,735,322,817,581,0.950
194,28,0,284,118,716,0.950
194,29,430,288,467,412,0.950
194,27,702,238,760,415,0.950
194,4,587,313,719,590,0.950
194,25,1178,314,1278,715,0.950
195,1,983,269,1198,719,0.950
195,3,316,263,391,456,0.950
195,9,797,307,891,569,0.950
195,5,737,322,816,580,0.950
195,28,0,286,125,716,0.950
195,29,435,289,471,410,0.950
195,27,701,238,762,418,0.950
195,4,587,314,719,590,0.950
195,25,1181,307,1278,714,0.950
196,1,983,268,1196,719,0.950
196,3,321,262,395,455,0.950
196,9,797,307,890,569,0.950
196,5,728,322,818,582,0.950
196,28,0,283,134,716,0.950
196,29,440,290,474,410,0.950
196,4,588,308,718,590,0.950
196,25,1181,307,1279,713,0.950
197,1,982,268,1195,719,0.950
197,3,322,261,395,454,0.950
197,9,798,307,887,569,0.950
197,5,727,323,818,583,0.950
197,28,0,284,143,717,0.950
197,29,442,287,482,410,0.950
197,4,588,314,719,590,0.950
197,25,1188,306,1279,710,0.950
198,1,981,269,1195,719,0.950
198,3,325,260,395,453,0.950
198,9,798,307,889,569,0.950
198,5,724,323,820,583,0.950
198,28,0,285,150,716,0.950
198,29,445,293,487,411,0.950
198,4,588,320,719,589,0.950
199,1,981,269,1193,719,0.950
199,3,326,260,396,453,0.950
199,9,797,307,888,569,0.950
199,5,716,321,820,588,0.950
199,28,0,282,159,716,0.950
199,29,446,294,491,407,0.950
199,4,587,318,720,589,0.950
199,31,1228,428,1279,714,0.950
200,1,980,270,1192,718,0.950
200,3,325,259,401,451,0.950
200,9,797,306,887,569,0.950
200,5,715,321,822,588,0.950
200,28,0,281,168,716,0.950
200,4,587,320,720,588,0.950
200,31,1228,427,1279,712,0.950
200,25,1195,304,1276,613,0.950
201,1,980,270,1192,718,0.950
201,3,325,259,402,452,0.950
201,9,798,307,888,569,0.950
201,5,721,322,821,585,0.950
201,28,0,279,175,716,0.950
201,4,587,316,720,588,0.950
201,31,1228,423,1279,708,0.950
201,29,445,302,509,409,0.950
202,1,979,269,1192,717,0.950
202,3,326,258,405,451,0.950
202,9,797,307,885,569,0.950
202,5,714,321,822,588,0.950
202,28,0,278,179,716,0.950
202,4,586,320,720,589,0.950
202,31,1227,423,1279,707,0.950
202,29,446,302,513,409,0.950
203,1,979,269,1190,717,0.950
203,3,328,260,406,446,0.950
203,9,797,307,884,569,0.950
203,5,716,322,821,585,0.950
203,28,0,277,183,715,0.950
203,4,585,321,719,589,0.950
203,31,1226,421,1279,707,0.950
203,29,448,298,516,408,0.950
204,1,978,269,1189,717,0.950
204,3,331,259,407,445,0.950
204,9,796,306,880,569,0.950
204,5,716,322,820,582,0.950
204,28,0,277,188,715,0.950
204,4,584,323,719,588,0.950
204,31,1223,421,1279,708,0.950
204,29,452,298,515,408,0.950
205,1,978,268,1190,717,0.950
205,3,336,260,407,443,0.950
205,9,796,307,880,569,0.950
205,5,731,322,821,580,0.950
205,28,0,278,191,717,0.950
205,4,581,325,685,590,0.950
205,31,1221,431,1279,707,0.950
205,29,460,300,520,406,0.950
206,1,978,267,1190,718,0.950
206,3,337,259,408,442,0.950
206,9,795,307,882,569,0.950
206,5,714,322,819,582,0.950
206,28,0,280,192,718,0.950
206,4,582,325,719,588,0.950
206,31,1219,435,1279,707,0.950
206,29,467,298,523,404,0.950
207,1,977,267,1190,717,0.950
207,3,338,260,411,441,0.950
207,9,795,307,887,570,0.950
207,5,717,322,818,581,0.950
207,28,0,281,192,717,0.950
207,4,583,324,719,588,0.950
207,31,1218,440,1279,707,0.950
207,29,474,296,526,402,0.950
207,32,581,326,666,589,0.950
208,1,977,267,1192,717,0.950
208,3,337,262,414,440,0.950
208,9,796,307,881,569,0.950
208,5,714,321,817,583,0.950
208,28,0,281,194,717,0.950
208,4,582,326,719,587,0.950
208,31,1216,440,1279,708,0.950
208,29,486,297,528,400,0.950
208,32,580,327,666,590,0.950
208,25,1195,316,1279,613,0.950
209,1,977,266,1191,717,0.950
209,3,340,261,417,440,0.950
209,9,796,307,882,569,0.950
209,5,714,320,818,586,0.950
209,28,0,285,195,717,0.950
209,4,580,325,719,586,0.950
209,31,1214,437,1279,708,0.950
209,29,488,295,537,400,0.950
209,25,1196,315,1279,613,0.950
210,1,976,265,1187,717,0.950
210,3,344,262,424,439,0.950
210,9,800,307,884,569,0.950
210,5,718,322,816,585,0.950
210,28,0,287,196,716,0.950
210,4,580,323,718,586,0.950
210,31,1213,431,1279,708,0.950
210,29,488,295,537,398,0.950
211,1,976,265,1187,717,0.950
211,3,345,265,428,439,0.950
211,9,797,307,883,570,0.950
211,5,726,323,816,583,0.950
211,28,0,288,199,717,0.950
211,31,1211,431,1279,706,0.950
211,29,489,288,545,398,0.950
211,32,577,325,662,589,0.950
212,1,976,265,1186,717,0.950
212,3,347,265,429,439,0.950
212,9,796,307,882,570,0.950
212,5,738,324,815,581,0.950
212,28,0,287,201,717,0.950
212,31,1210,429,1279,707,0.950
212,29,490,292,551,394,0.950
212,32,576,327,662,588,0.950
213,1,975,265,1188,717,0.950
213,3,348,266,430,439,0.950
213,9,793,306,880,570,0.950
213,5,738,323,815,581,0.950
213,28,0,285,201,716,0.950
213,31,1210,432,1279,706,0.950
213,32,576,328,662,588,0.950
214,1,975,265,1187,717,0.950
214,3,349,262,430,438,0.950
214,9,796,306,879,570,0.950
214,5,736,324,816,579,0.950
214,28,0,281,203,716,0.950
214,31,1208,384,1279,705,0.950
214,32,575,328,662,588,0.950
215,1,974,265,1187,717,0.950
215,3,349,261,432,437,0.950
215,9,798,306,879,569,0.950
215,5,733,322,818,580,0.950
215,28,0,278,203,715,0.950
215,32,578,330,662,588,0.950
215,25,1201,277,1279,702,0.950
216,1,974,264,1187,717,0.950
216,3,351,260,432,436,0.950
216,9,800,306,879,569,0.950
216,5,736,323,819,582,0.950
216,28,0,274,202,715,0.950
216,32,577,330,662,587,0.950
216,4,580,330,717,585,0.950
216,31,1208,428,1279,701,0.950
217,1,974,264,1187,717,0.950
217,3,352,260,433,435,0.950
217,9,801,305,878,569,0.950
217,5,738,322,819,582,0.950
217,28,0,269,201,715,0.950
217,32,581,331,661,587,0.950
217,4,583,331,716,585,0.950
217,25,1201,278,1279,701,0.950
218,1,974,265,1187,717,0.950
218,3,356,257,435,433,0.950
218,9,802,305,879,568,0.950
218,5,738,322,820,583,0.950
218,28,0,270,200,716,0.950
218,32,581,331,661,588,0.950
218,4,583,331,716,585,0.950
218,25,1182,278,1279,695,0.950
219,1,974,263,1189,716,0.950
219,3,363,256,436,430,0.950
219,9,799,305,882,568,0.950
219,5,739,322,820,578,0.950
219,28,1,271,200,718,0.950
219,32,581,331,661,587,0.950
219,4,583,331,716,585,0.950
219,25,1151,283,1278,684,0.950
219,33,332,258,382,425,0.950
219,31,1204,433,1279,700,0.950
220,1,974,263,1188,716,0.950
220,3,368,256,439,430,0.950
220,9,795,305,891,569,0.950
220,5,738,323,818,582,0.950
220,28,1,273,202,717,0.950
220,32,581,330,664,587,0.950
220,4,583,331,716,585,0.950
220,25,1146,289,1276,683,0.950
220,33,333,257,383,410,0.950
220,31,1203,431,1279,700,0.950
221,1,974,265,1190,716,0.950
221,3,372,255,440,430,0.950
221,9,796,304,880,568,0.950
221,5,738,322,821,579,0.950
221,28,10,275,201,718,0.950
221,32,581,329,662,587,0.950
221,4,583,329,716,585,0.950
221,25,1140,282,1256,639,0.950
221,33,333,258,387,403,0.950
221,31,1204,431,1279,701,0.950
222,1,975,266,1189,716,0.950
222,3,375,254,443,429,0.950
222,9,799,304,879,568,0.950
222,5,738,323,818,582,0.950
222,28,15,278,208,719,0.950
222,32,581,330,661,587,0.950
222,25,1132,283,1255,643,0.950
222,31,1205,417,1279,700,0.950
223,1,975,266,1190,716,0.950
223,3,381,253,445,425,0.950
223,9,802,305,882,567,0.950
223,5,738,322,820,579,0.950
223,28,19,280,213,720,0.950
223,32,581,330,663,587,0.950
223,25,1116,280,1246,699,0.950
223,31,1204,404,1279,700,0.950
223,34,1,385,45,717,0.950
224,1,975,267,1191,717,0.950
224,3,382,253,447,424,0.950
224,9,803,304,893,567,0.950
224,5,737,322,819,579,0.950
224,28,27,285,214,719,0.950
224,32,581,329,663,587,0.950
224,31,1206,419,1279,701,0.950
224,34,0,385,45,713,0.950
225,1,976,266,1192,717,0.950
225,3,384,253,450,425,0.950
225,9,799,304,880,568,0.950
225,5,736,322,818,578,0.950
225,28,34,283,216,719,0.950
225,34,0,382,49,712,0.950
225,4,583,329,716,585,0.950
226,1,976,264,1195,715,0.950
226,3,387,254,455,425,0.950
226,9,801,303,888,567,0.950
226,5,736,321,818,579,0.950
226,28,38,286,232,720,0.950
226,34,0,382,65,715,0.950
226,31,1202,428,1279,702,0.950
227,1,977,261,1198,716,0.950
227,3,389,255,457,425,0.950
227,9,801,303,890,567,0.950
227,5,735,322,818,578,0.950
227,28,46,285,238,718,0.950
227,34,0,347,68,717,0.950
227,31,1202,429,1279,702,0.950
227,32,580,328,666,587,0.950
228,1,978,262,1200,716,0.950
228,3,392,255,458,424,0.950
228,9,801,302,897,567,0.950
228,5,735,323,818,579,0.950
228,28,53,284,256,717,0.950
228,34,0,330,74,718,0.950
228,31,1199,431,1279,701,0.950
228,4,582,326,717,585,0.950
229,1,978,263,1201,716,0.950
229,3,394,256,460,425,0.950
229,9,804,302,892,566,0.950
229,5,735,323,819,579,0.950
229,28,61,286,259,719,0.950
229,34,0,325,77,718,0.950
229,31,1199,430,1279,702,0.950
230,1,979,264,1203,716,0.950
230,3,394,258,462,424,0.950
230,9,806,301,897,566,0.950
230,5,735,323,820,579,0.950
230,28,64,281,269,719,0.950
230,34,0,317,80,718,0.950
230,31,1203,427,1279,703,0.950
231,1,979,262,1204,714,0.950
231,3,398,259,464,425,0.950
231,9,808,301,903,567,0.950
231,5,735,322,818,581,0.950
231,28,71,277,270,719,0.950
231,34,0,313,90,719,0.950
231,31,1204,426,1279,704,0.950
232,1,981,261,1205,716,0.950
232,3,401,259,465,424,0.950
232,9,806,302,901,568,0.950
232,5,735,323,817,578,0.950
232,28,75,280,269,718,0.950
232,34,0,310,103,718,0.950
233,1,975,261,1205,714,0.950
233,3,403,259,466,422,0.950
233,9,809,303,898,567,0.950
233,5,735,322,817,576,0.950
233,28,77,280,265,717,0.950
233,34,0,304,112,718,0.950
234,1,1004,260,1205,714,0.950
234,3,405,257,468,422,0.950
234,9,809,304,899,567,0.950
234,5,735,323,816,575,0.950
234,28,78,281,259,717,0.950
234,34,0,302,119,718,0.950
234,4,583,319,716,585,0.950
235,1,981,259,1207,715,0.950
235,3,407,256,470,421,0.950
235,9,807,304,899,567,0.950
235,5,734,323,814,575,0.950
235,28,84,281,258,718,0.950
235,34,0,304,124,720,0.950
235,38,896,288,1052,664,0.950
235,39,1189,299,1278,612,0.950
235,4,583,318,717,584,0.950
236,1,984,260,1207,715,0.950
236,3,409,255,473,420,0.950
236,9,809,301,905,567,0.950
236,5,735,323,816,574,0.950
236,28,89,282,260,719,0.950
236,34,0,301,128,720,0.950
236,38,898,286,1033,662,0.950
236,39,1187,299,1279,609,0.950
236,4,583,312,717,584,0.950
237,1,985,261,1209,719,0.950
237,3,411,254,475,420,0.950
237,9,808,300,904,567,0.950
237,5,735,322,817,575,0.950
237,28,93,283,261,719,0.950
237,34,0,306,133,719,0.950
237,38,902,283,1023,663,0.950
237,39,1190,299,1279,608,0.950
237,4,582,315,716,584,0.950
237,31,1213,426,1279,704,0.950
238,1,986,261,1210,719,0.950
238,3,414,253,477,419,0.950
238,9,813,297,904,567,0.950
238,5,735,322,819,576,0.950
238,28,96,285,261,718,0.950
238,34,0,303,134,719,0.950
238,38,904,279,1013,661,0.950
238,39,1192,299,1279,607,0.950
238,4,582,315,717,584,0.950
238,31,1214,419,1279,704,0.950
239,1,984,262,1211,719,0.950
239,3,417,251,480,414,0.950
239,9,813,297,906,567,0.950
239,5,735,321,817,574,0.950
239,28,97,288,261,718,0.950
239,34,0,303,134,718,0.950
239,38,903,275,1006,661,0.950
239,39,1192,299,1279,607,0.950
239,4,582,315,716,585,0.950
239,31,1215,420,1279,703,0.950
240,1,991,262,1213,720,0.950
240,3,419,250,481,413,0.950
240,9,813,298,905,568,0.950
240,5,735,320,821,572,0.950
240,28,100,287,261,719,0.950
240,34,0,313,139,719,0.950
240,38,893,273,998,659,0.950
240,39,1190,296,1278,607,0.950
241,1,992,261,1213,717,0.950
241,3,421,249,482,412,0.950
241,9,811,297,903,568,0.950
241,5,735,319,822,572,0.950
241,28,102,288,261,718,0.950
241,34,0,315,144,719,0.950
241,38,885,272,990,660,0.950
241,39,1190,296,1279,606,0.950
241,32,581,332,662,585,0.950
241,31,1218,420,1279,700,0.950
242,1,990,261,1214,717,0.950
242,3,424,246,485,415,0.950
242,9,811,299,900,567,0.950
242,5,735,319,820,572,0.950
242,28,104,289,261,714,0.950
242,34,0,305,149,717,0.950
242,38,877,274,987,662,0.950
242,39,1190,294,1279,607,0.950
242,32,581,335,662,585,0.950
242,31,1219,416,1279,699,0.950
243,1,990,261,1214,716,0.950
243,3,423,248,486,411,0.950
243,9,815,299,886,555,0.950
243,5,735,319,821,570,0.950
243,28,106,290,263,709,0.950
243,34,0,311,156,715,0.950
243,38,858,272,980,660,0.950
243,39,1188,295,1278,607,0.950
243,31,1220,415,1279,698,0.950
243,40,338,253,409,401,0.950
244,1,990,260,1217,719,0.950
244,3,424,248,489,410,0.950
244,9,818,304,873,550,0.950
244,5,736,317,823,570,0.950
244,28,109,290,263,703,0.950
244,34,0,312,154,711,0.950
244,38,827,275,970,659,0.950
244,39,1190,295,1279,606,0.950
245,1,990,259,1218,720,0.950
245,3,427,246,494,410,0.950
245,5,736,317,826,570,0.950
245,28,110,290,266,699,0.950
245,34,0,310,153,707,0.950
245,38,795,274,968,661,0.950
245,39,1190,294,1279,606,0.950
245,4,579,329,688,584,0.950
245,31,1223,417,1279,696,0.950
246,1,989,258,1218,716,0.950
246,3,427,247,500,410,0.950
246,5,734,316,827,569,0.950
246,28,112,290,267,693,0.950
246,34,4,306,147,701,0.950
246,38,769,277,967,659,0.950
246,39,1191,295,1279,605,0.950
246,4,579,324,688,583,0.950
246,31,1223,416,1279,695,0.950
246,40,338,251,407,399,0.950
247,1,990,258,1218,716,0.950
247,3,428,246,505,408,0.950
247,5,734,316,830,576,0.950
247,28,112,289,270,685,0.950
247,34,8,306,152,697,0.950
247,38,752,278,967,661,0.950
247,39,1191,294,1279,605,0.950
247,4,579,317,719,583,0.950
247,31,1223,420,1279,694,0.950
247,40,337,251,407,399,0.950
248,1,991,257,1218,716,0.950
248,3,433,247,508,408,0.950
248,5,732,315,823,580,0.950
248,28,115,288,273,677,0.950
248,34,9,304,145,687,0.950
248,38,744,281,965,660,0.950
248,39,1190,295,1277,605,0.950
248,4,579,313,720,583,0.950
248,31,1224,420,1279,692,0.950
248,40,336,250,406,399,0.950
249,1,991,257,1217,716,0.950
249,3,435,246,509,408,0.950
249,5,733,316,806,578,0.950
249,28,115,287,273,672,0.950
249,34,11,306,172,674,0.950
249,38,737,289,960,659,0.950
249,39,1190,295,1278,607,0.950
249,4,579,312,719,583,0.950
249,31,1224,423,1279,690,0.950
249,40,336,250,406,398,0.950
250,1,991,256,1219,719,0.950
250,3,439,245,511,408,0.950
250,28,119,285,273,668,0.950
250,34,13,304,186,671,0.950
250,38,734,289,951,658,0.950
250,39,1190,296,1278,607,0.950
250,4,579,307,719,583,0.950
250,31,1224,426,1279,689,0.950
250,40,335,250,405,398,0.950
251,1,992,256,1217,717,0.950
251,3,440,242,512,408,0.950
251,28,120,286,271,668,0.950
251,34,21,303,189,671,0.950
251,38,731,283,935,655,0.950
251,39,1191,294,1274,607,0.950
251,4,579,310,718,581,0.950
251,40,335,249,405,398,0.950
252,1,992,256,1218,719,0.950
252,3,442,243,512,407,0.950
252,28,122,286,271,668,0.950
252,34,25,304,153,667,0.950
252,38,732,285,908,648,0.950
252,39,1191,294,1276,607,0.950
252,4,578,310,719,582,0.950
252,40,335,249,405,397,0.950
253,1,993,255,1216,716,0.950
253,3,443,243,512,406,0.950
253,28,129,286,275,669,0.950
253,34,28,302,157,666,0.950
253,38,730,283,886,647,0.950
253,39,1191,295,1275,607,0.950
253,4,578,302,719,581,0.950
253,40,335,249,404,397,0.950
253,41,828,292,914,565,0.950
254,1,993,255,1216,716,0.950
254,3,444,241,512,405,0.950
254,28,134,287,278,668,0.950
254,34,31,303,164,667,0.950
254,38,728,276,862,647,0.950
254,39,1191,296,1270,606,0.950
254,4,579,287,720,579,0.950
254,40,335,249,403,397,0.950
254,41,812,291,914,565,0.950
255,1,993,255,1216,716,0.950
255,3,447,240,514,404,0.950
255,28,135,286,281,669,0.950
255,34,34,304,169,665,0.950
255,38,719,277,831,642,0.950
255,39,1190,294,1271,606,0.950
255,4,580,290,717,579,0.950
255,40,334,248,402,396,0.950
255,41,805,291,911,564,0.950
256,1,993,255,1216,716,0.950
256,3,448,238,516,401,0.950
256,28,140,288,279,659,0.950
256,34,35,305,174,665,0.950
256,38,708,274,814,647,0.950
256,39,1190,295,1273,606,0.950
256,4,581,291,713,579,0.950
256,40,332,249,401,395,0.950
256,41,808,289,909,563,0.950
257,1,993,255,1217,716,0.950
257,3,450,238,519,397,0.950
257,28,144,289,279,658,0.950
257,34,37,301,177,664,0.950
257,38,696,273,803,643,0.950
257,39,1190,294,1274,606,0.950
257,4,578,304,700,581,0.950
257,40,332,249,402,395,0.950
257,41,807,289,913,564,0.950
258,1,993,255,1217,716,0.950
258,3,452,237,521,397,0.950
258,28,149,288,283,653,0.950
258,34,39,302,181,662,0.950
258,38,669,273,798,642,0.950
258,39,1190,295,1274,605,0.950
258,40,333,247,399,395,0.950
258,41,809,290,913,564,0.950
258,32,578,315,680,579,0.950
259,1,994,254,1217,716,0.950
259,3,457,237,522,396,0.950
259,28,156,287,286,654,0.950
259,34,51,300,185,659,0.950
259,38,636,273,793,639,0.950
259,39,1190,295,1274,605,0.950
259,40,334,247,400,395,0.950
259,41,809,288,913,564,0.950
259,42,770,311,835,555,0.950
259,32,578,313,681,578,0.950
260,1,994,254,1217,716,0.950
260,3,458,236,524,395,0.950
260,28,161,286,293,654,0.950
260,34,57,301,192,656,0.950
260,38,609,273,792,636,0.950
260,39,1190,295,1274,604,0.950
260,40,333,244,400,393,0.950
260,41,809,288,912,562,0.950
260,42,774,310,835,556,0.950
260,32,578,312,677,578,0.950
260,31,1230,421,1279,686,0.950
261,1,995,254,1217,716,0.950
261,3,459,237,526,394,0.950
261,28,168,284,297,652,0.950
261,34,64,302,193,658,0.950
261,38,588,275,791,633,0.950
261,39,1190,294,1273,604,0.950
261,40,332,244,400,393,0.950
261,41,809,288,912,561,0.950
261,32,577,313,671,573,0.950
262,1,995,253,1217,716,0.950
262,3,464,237,526,392,0.950
262,28,173,282,300,638,0.950
262,34,69,301,208,649,0.950
262,38,577,275,790,631,0.950
262,39,1191,296,1273,605,0.950
262,40,332,245,400,393,0.950
262,41,808,287,913,560,0.950
262,32,578,308,670,581,0.950
262,5,737,312,820,553,0.950
263,1,995,253,1217,716,0.950
263,3,467,238,527,391,0.950
263,28,175,276,304,637,0.950
263,34,79,299,204,643,0.950
263,38,570,279,791,632,0.950
263,39,1191,294,1273,605,0.950
263,40,332,245,400,392,0.950
263,41,808,287,913,559,0.950
263,5,732,305,822,552,0.950
264,1,996,252,1217,716,0.950
264,3,469,238,529,391,0.950
264,28,179,276,306,629,0.950
264,34,83,295,198,636,0.950
264,39,1192,296,1275,603,0.950
264,40,332,245,400,392,0.950
264,41,807,287,913,559,0.950
264,5,734,307,824,555,0.950
264,32,572,308,670,625,0.950
265,1,996,252,1216,716,0.950
265,3,471,238,531,390,0.950
265,28,183,274,308,625,0.950
265,34,89,291,200,627,0.950
265,39,1193,296,1276,602,0.950
265,40,332,245,400,391,0.950
265,41,809,287,913,559,0.950
265,5,735,309,816,560,0.950
265,32,570,301,658,627,0.950
265,38,570,276,781,634,0.950
266,1,997,252,1217,716,0.950
266,3,472,238,532,390,0.950
266,28,183,273,313,623,0.950
266,34,81,288,199,624,0.950
266,39,1194,299,1277,602,0.950
266,40,332,245,400,391,0.950
266,41,810,287,914,558,0.950
266,5,734,310,809,566,0.950
266,38,567,274,770,627,0.950
266,31,1228,411,1279,688,0.950
267,1,997,252,1218,716,0.950
267,3,474,238,533,389,0.950
267,28,184,273,315,622,0.950
267,34,100,294,207,618,0.950
267,39,1194,296,1277,601,0.950
267,40,333,244,400,390,0.950
267,41,810,287,912,560,0.950
267,5,736,308,809,560,0.950
267,38,568,269,750,629,0.950
267,31,1229,413,1279,688,0.950
268,1,998,251,1219,716,0.950
268,3,477,236,534,389,0.950
268,28,188,274,323,622,0.950
268,34,103,293,208,620,0.950
268,39,1194,294,1277,600,0.950
268,40,333,244,401,390,0.950
268,41,812,286,912,558,0.950
268,5,738,311,809,560,0.950
268,38,568,269,730,623,0.950
268,31,1229,419,1279,689,0.950
269,1,999,250,1220,716,0.950
269,3,477,237,537,389,0.950
269,28,192,273,324,622,0.950
269,34,102,296,217,617,0.950
269,39,1195,293,1279,607,0.950
269,40,333,245,401,390,0.950
269,41,812,286,912,557,0.950
269,5,738,305,810,556,0.950
269,38,568,264,714,625,0.950
269,31,1229,421,1279,689,0.950
270,1,999,250,1225,716,0.950
270,3,479,235,539,388,0.950
270,28,196,276,328,622,0.950
270,34,100,296,215,618,0.950
270,39,1196,291,1279,601,0.950
270,40,333,242,403,389,0.950
270,41,813,286,911,557,0.950
270,5,738,305,813,556,0.950
270,4,568,267,686,626,0.950
271,1,999,250,1225,716,0.950
271,3,480,235,541,386,0.950
271,28,200,276,330,621,0.950
271,34,109,296,226,617,0.950
271,39,1196,289,1279,600,0.950
271,40,334,243,408,390,0.950
271,41,813,286,913,557,0.950
271,5,736,296,812,555,0.950
271,4,561,265,683,624,0.950
272,1,999,250,1225,716,0.950
272,3,484,234,542,386,0.950
272,28,202,278,331,619,0.950
272,34,114,299,234,616,0.950
272,39,1198,291,1279,522,0.950
272,40,335,242,409,390,0.950
272,41,813,286,912,556,0.950
272,5,736,288,812,554,0.950
272,32,547,260,663,623,0.950
272,31,1214,455,1279,688,0.950
273,1,999,249,1226,715,0.950
273,3,486,232,542,384,0.950
273,28,202,275,332,619,0.950
273,34,119,294,238,615,0.950
273,39,1199,290,1279,516,0.950
273,40,335,241,409,389,0.950
273,41,814,286,913,556,0.950
273,5,732,276,812,555,0.950
273,4,536,260,717,627,0.950
274,1,999,249,1227,714,0.950
274,3,488,231,540,381,0.950
274,28,207,276,334,616,0.950
274,34,123,295,245,613,0.950
274,40,335,241,410,389,0.950
274,41,814,285,914,556,0.950
274,5,734,284,813,557,0.950
274,32,523,261,661,621,0.950
275,1,1000,249,1225,714,0.950
275,3,490,229,545,382,0.950
275,28,209,274,336,612,0.950
275,34,130,294,242,612,0.950
275,40,336,241,409,388,0.950
275,41,814,285,916,556,0.950
275,5,731,289,814,558,0.950
275,32,510,265,650,620,0.950
276,1,1000,249,1277,716,0.950
276,3,493,228,549,382,0.950
276,28,212,273,335,607,0.950
276,40,337,240,409,388,0.950
276,41,814,285,916,557,0.950
276,5,727,290,814,558,0.950
276,32,503,267,638,626,0.950
277,1,1001,249,1262,714,0.950
277,28,214,272,336,605,0.950
277,40,337,240,409,387,0.950
277,41,816,284,916,557,0.950
277,5,729,292,814,559,0.950
277,32,492,268,631,626,0.950
278,1,1001,250,1230,717,0.950
278,28,215,273,336,607,0.950
278,40,337,240,409,387,0.950
278,41,817,283,916,557,0.950
278,5,730,300,817,561,0.950
278,32,485,267,625,623,0.950
278,47,160,274,334,610,0.950
279,1,1002,250,1231,717,0.950
279,40,338,239,409,387,0.950
279,41,818,282,918,558,0.950
279,5,719,304,818,563,0.950
279,32,479,268,624,620,0.950
279,47,173,274,335,602,0.950
279,48,1094,227,1279,715,0.950
279,49,615,316,722,555,0.950
280,1,1002,250,1221,716,0.950
280,40,339,238,409,387,0.950
280,41,818,281,917,557,0.950
280,5,721,306,821,566,0.950
280,32,478,270,622,619,0.950
280,47,186,273,333,595,0.950
280,48,1088,228,1279,715,0.950
281,1,1003,249,1205,716,0.950
281,40,340,238,410,387,0.950
281,41,817,282,919,556,0.950
281,5,728,305,823,567,0.950
281,32,478,272,618,618,0.950
281,47,169,269,338,590,0.950
281,48,1080,227,1279,713,0.950
281,28,224,269,337,585,0.950
282,1,1002,246,1171,716,0.950
282,40,341,238,410,387,0.950
282,41,817,283,917,556,0.950
282,5,733,302,825,565,0.950
282,32,479,267,608,602,0.950
282,47,178,269,340,587,0.950
282,48,1045,228,1279,714,0.950
282,28,224,268,339,583,0.950
283,1,1023,225,1279,714,0.950
283,40,342,239,410,386,0.950
283,41,817,283,913,556,0.950
283,5,727,302,823,570,0.950
283,32,480,265,601,591,0.950
283,28,216,267,342,583,0.950
284,1,1007,233,1279,715,0.950
284,40,341,238,411,386,0.950
284,41,817,284,911,557,0.950
284,5,744,301,828,568,0.950
284,32,482,266,599,590,0.950
284,28,223,269,348,579,0.950
285,1,978,231,1278,717,0.950
285,40,341,238,412,385,0.950
285,41,817,284,919,557,0.950
285,5,745,302,830,569,0.950
285,32,483,264,598,592,0.950
285,28,234,268,354,582,0.950
285,49,592,310,724,567,0.950
286,1,947,235,1252,716,0.950
286,40,341,238,405,383,0.950
286,41,817,285,908,557,0.950
286,5,744,303,830,568,0.950
286,32,484,263,596,585,0.950
286,28,241,272,365,575,0.950
286,49,591,315,724,567,0.950
286,34,172,283,293,588,0.950
287,1,930,238,1235,717,0.950
287,40,341,238,408,383,0.950
287,41,817,286,906,557,0.950
287,5,744,302,829,569,0.950
287,32,484,263,595,588,0.950
287,28,249,273,364,576,0.950
287,49,591,315,724,566,0.950
287,34,174,285,294,586,0.950
288,1,898,243,1207,718,0.950
288,41,816,285,918,558,0.950
288,5,745,304,830,567,0.950
288,32,485,260,591,582,0.950
288,28,251,273,368,569,0.950
288,34,176,292,294,584,0.950
289,1,883,244,1178,718,0.950
289,41,818,285,908,559,0.950
289,5,746,303,828,566,0.950
289,32,484,262,588,586,0.950
289,28,257,273,368,570,0.950
289,34,177,293,290,581,0.950
289,40,345,237,415,384,0.950
289,49,592,313,726,567,0.950
290,1,865,245,1154,716,0.950
290,41,817,288,903,560,0.950
290,5,746,301,830,566,0.950
290,32,480,261,586,580,0.950
290,28,263,262,370,573,0.950
290,34,178,291,286,580,0.950
290,50,1088,247,1231,710,0.950
290,40,347,237,416,383,0.950
290,49,595,310,726,566,0.950
291,1,839,242,1134,716,0.950
291,41,819,289,903,559,0.950
291,5,747,301,829,570,0.950
291,32,479,262,584,578,0.950
291,28,267,269,369,571,0.950
291,34,176,289,286,577,0.950
291,50,1085,248,1232,711,0.950
291,49,596,305,727,567,0.950
292,1,826,240,1116,717,0.950
292,5,747,303,829,569,0.950
292,32,479,263,584,578,0.950
292,28,271,249,372,568,0.950
292,34,179,285,293,576,0.950
292,50,1078,250,1232,712,0.950
292,49,596,309,728,568,0.950
293,1,817,236,1086,716,0.950
293,5,748,303,828,567,0.950
293,32,476,262,583,581,0.950
293,28,275,251,377,569,0.950
293,34,182,288,304,575,0.950
293,50,1053,249,1232,713,0.950
293,49,596,308,729,567,0.950
294,1,790,232,1068,717,0.950
294,5,748,304,833,569,0.950
294,32,474,263,583,582,0.950
294,28,277,266,389,567,0.950
294,34,189,288,304,571,0.950
294,50,1046,250,1234,715,0.950
294,49,595,316,673,572,0.950
294,40,348,236,417,380,0.950
295,1,766,232,1048,718,0.950
295,5,749,303,831,562,0.950
295,32,468,264,582,581,0.950
295,28,286,262,394,560,0.950
295,34,205,286,312,565,0.950
295,50,1016,252,1235,716,0.950
295,49,595,319,671,571,0.950
296,1,750,227,1030,718,0.950
296,32,465,264,580,580,0.950
296,28,290,268,405,558,0.950
296,34,208,286,315,558,0.950
296,50,1012,252,1235,716,0.950
296,49,595,317,670,571,0.950
296,52,598,262,730,558,0.950
297,1,745,226,1009,717,0.950
297,32,462,264,578,574,0.950
297,28,294,265,405,555,0.950
297,34,215,285,318,554,0.950
297,50,1010,252,1236,716,0.950
297,52,599,264,729,558,0.950
298,1,704,230,992,714,0.950
298,32,460,263,575,573,0.950
298,28,299,263,402,557,0.950
298,34,212,283,319,551,0.950
298,50,1011,252,1236,715,0.950
299,1,680,230,973,716,0.950
299,32,459,261,576,572,0.950
299,28,301,264,406,556,0.950
299,34,220,282,325,547,0.950
299,50,1011,252,1236,715,0.950
299,53,714,211,759,366,0.950
299,49,595,315,671,570,0.950
300,1,661,232,952,716,0.950
300,32,456,259,575,567,0.950
300,28,302,264,411,554,0.950
300,50,1011,253,1237,715,0.950
300,49,596,303,675,571,0.950
301,1,643,234,931,716,0.950
301,32,455,258,575,563,0.950
301,28,301,263,411,555,0.950
301,50,1012,253,1237,715,0.950
301,49,596,263,688,572,0.950
302,1,623,236,908,716,0.950
302,32,455,256,574,561,0.950
302,28,305,266,414,554,0.950
302,50,1012,254,1237,715,0.950
302,49,597,259,693,572,0.950
302,34,234,275,335,552,0.950
303,1,608,242,890,718,0.950
303,32,455,255,573,560,0.950
303,28,303,266,414,553,0.950
303,50,1012,254,1237,715,0.950
303,34,233,276,329,551,0.950
303,41,836,288,915,570,0.950
304,1,587,246,867,717,0.950
304,32,454,253,572,560,0.950
304,28,312,263,414,552,0.950
304,50,1012,254,1236,715,0.950
304,34,239,281,340,550,0.950
304,41,831,288,913,569,0.950
305,1,556,245,847,717,0.950
305,32,451,252,569,558,0.950
305,28,314,263,414,553,0.950
305,50,1012,254,1237,715,0.950
305,34,240,283,345,550,0.950
305,41,827,289,914,570,0.950
306,1,534,238,830,716,0.950
306,32,451,253,567,559,0.950
306,28,316,264,414,552,0.950
306,50,1012,254,1237,715,0.950
306,34,248,282,351,550,0.950
306,41,827,287,912,569,0.950
306,5,765,299,845,554,0.950
307,1,529,246,810,716,0.950
307,32,451,256,564,556,0.950
307,28,319,266,414,548,0.950
307,50,1012,254,1237,715,0.950
307,34,251,283,354,548,0.950
307,41,826,286,914,570,0.950
307,5,753,299,832,552,0.950
308,1,512,240,792,717,0.950
308,32,450,258,559,556,0.950
308,28,321,268,416,547,0.950
308,50,1012,254,1236,715,0.950
308,34,254,280,354,546,0.950
308,41,827,285,915,570,0.950
308,5,749,299,828,556,0.950
308,53,718,213,764,357,0.950
309,1,503,238,775,716,0.950
309,32,449,259,555,552,0.950
309,28,323,265,417,540,0.950
309,50,1012,254,1236,715,0.950
309,34,258,282,357,545,0.950
309,41,826,285,917,570,0.950
309,5,751,299,832,570,0.950
309,53,719,213,765,362,0.950
310,1,500,238,756,715,0.950
310,32,448,259,552,546,0.950
310,28,325,265,417,541,0.950
310,50,1012,254,1236,715,0.950
310,34,262,277,358,535,0.950
310,41,826,285,919,570,0.950
310,5,752,297,834,563,0.950
310,53,719,213,765,362,0.950
311,1,467,236,733,716,0.950
311,32,445,259,550,543,0.950
311,28,327,262,418,540,0.950
311,50,1012,254,1236,715,0.950
311,34,265,277,350,534,0.950
311,41,825,285,918,570,0.950
311,5,751,298,834,572,0.950
311,53,721,211,765,362,0.950
312,1,488,229,716,714,0.950
312,32,431,252,537,541,0.950
312,28,329,257,420,530,0.950
312,50,1012,254,1237,715,0.950
312,34,266,275,380,537,0.950
312,41,827,287,921,570,0.950
312,5,751,296,835,564,0.950
312,53,721,210,766,359,0.950
313,1,422,231,695,714,0.950
313,28,330,256,420,525,0.950
313,50,1013,253,1237,716,0.950
313,34,267,272,348,527,0.950
313,41,827,284,921,570,0.950
313,5,751,296,836,563,0.950
313,53,721,211,767,358,0.950
314,1,403,231,675,716,0.950
314,28,333,255,421,520,0.950
314,50,1013,253,1240,715,0.950
314,34,270,266,353,518,0.950
314,41,828,284,923,570,0.950
314,5,750,296,836,573,0.950
314,53,722,212,768,356,0.950
314,52,617,304,736,550,0.950
315,1,389,233,659,714,0.950
315,28,334,246,422,519,0.950
315,50,1013,252,1241,715,0.950
315,34,272,250,355,518,0.950
315,41,827,286,925,570,0.950
315,5,750,296,835,572,0.950
316,1,410,236,639,715,0.950
316,28,338,242,423,517,0.950
316,50,1013,252,1239,715,0.950
316,34,273,255,357,516,0.950
316,41,826,286,926,570,0.950
316,5,751,295,832,572,0.950
317,1,355,240,621,714,0.950
317,50,1013,252,1238,715,0.950
317,34,275,255,365,516,0.950
317,41,826,285,925,570,0.950
317,5,751,295,831,562,0.950
318,1,359,243,603,714,0.950
318,50,1013,252,1236,715,0.950
318,34,279,258,366,516,0.950
318,41,826,285,924,569,0.950
318,5,752,295,827,570,0.950
318,56,598,309,675,569,0.950
319,1,333,240,589,715,0.950
319,50,1013,252,1240,715,0.950
319,41,826,284,923,569,0.950
319,5,752,294,829,570,0.950
319,56,598,309,680,569,0.950
320,1,310,242,569,715,0.950
320,50,1013,253,1241,716,0.950
320,41,829,284,925,568,0.950
320,5,752,294,829,568,0.950
320,56,599,301,685,569,0.950
321,1,288,240,553,715,0.950
321,50,1014,252,1239,715,0.950
321,41,830,282,926,568,0.950
321,5,752,294,831,566,0.950
321,56,599,302,685,569,0.950
322,1,270,236,538,717,0.950
322,50,1015,252,1239,715,0.950
322,41,833,283,927,568,0.950
322,5,753,294,832,566,0.950
322,56,600,302,687,569,0.950
322,52,600,301,732,565,0.950
323,1,256,229,525,717,0.950
323,50,1015,252,1240,716,0.950
323,41,837,283,928,568,0.950
323,5,753,294,832,566,0.950
323,56,600,304,686,569,0.950
323,52,600,303,733,566,0.950
324,1,242,231,516,714,0.950
324,50,1015,252,1242,716,0.950
324,41,837,282,927,569,0.950
324,5,753,294,832,567,0.950
324,56,600,306,683,569,0.950
324,52,600,304,736,566,0.950
324,32,426,258,527,534,0.950
325,1,229,229,502,716,0.950
325,50,1015,252,1242,715,0.950
325,41,838,283,928,569,0.950
325,5,753,293,834,566,0.950
325,56,600,305,686,569,0.950
325,52,600,304,736,566,0.950
325,32,421,258,527,532,0.950
326,1,215,225,487,716,0.950
326,50,1015,252,1242,715,0.950
326,41,839,282,926,569,0.950
326,5,753,293,835,567,0.950
326,56,601,305,684,569,0.950
326,52,601,303,736,566,0.950
326,32,414,261,526,531,0.950
327,1,203,227,470,715,0.950
327,50,1015,252,1242,715,0.950
327,41,839,281,924,569,0.950
327,5,753,293,837,564,0.950
327,56,600,303,684,568,0.950
327,52,600,302,734,564,0.950
327,32,408,262,525,531,0.950
327,57,1219,316,1279,704,0.950
328,1,203,226,470,715,0.950
328,50,1015,252,1242,715,0.950
328,41,839,281,924,569,0.950
328,5,752,293,837,564,0.950
328,56,600,303,684,568,0.950
328,52,600,302,734,564,0.950
328,32,408,262,525,530,0.950
328,57,1219,318,1279,704,0.950
